9.999999999999999547e-07 2.940331519810965299e-01 -1.122713495556459939e-01 4.505736143096030627e-02 -1.897869607080549664e-02 9.601835161949045724e-03
1.000000000000000056e-01 2.940331519810965299e-01 -1.122713495556459939e-01 4.505736143096030627e-02 -1.897869607080549664e-02 9.601835161949045724e-03
2.000000000000000111e-01 2.940331519810965299e-01 -1.122713495556459939e-01 4.505736143096030627e-02 -1.897869607080549664e-02 9.601835161949045724e-03
3.000000000000000444e-01 2.940331519810965299e-01 -1.122713495556459939e-01 4.505736143096030627e-02 -1.897869607080549664e-02 9.601835161949045724e-03
4.000000000000000222e-01 2.940331519810965299e-01 -1.122713495556459939e-01 4.505736143096030627e-02 -1.897869607080549664e-02 9.601835161949045724e-03
5.000000000000000000e-01 2.940331519810965299e-01 -1.122713495556459939e-01 4.505736143096030627e-02 -1.897869607080549664e-02 9.601835161949045724e-03
6.000000000000000888e-01 2.940331519810965299e-01 -1.122713495556459939e-01 4.505736143096030627e-02 -1.897869607080549664e-02 9.601835161949045724e-03
7.000000000000000666e-01 2.940331519810965299e-01 -1.122713495556459939e-01 4.505736143096030627e-02 -1.897869607080549664e-02 9.601835161949045724e-03
8.000000000000000444e-01 2.940331519810965299e-01 -1.122713495556459939e-01 4.505736143096030627e-02 -1.897869607080549664e-02 9.601835161949045724e-03
9.000000000000000222e-01 2.940331519810965299e-01 -1.122713495556459939e-01 4.505736143096030627e-02 -1.897869607080549664e-02 9.601835161949045724e-03
1.000000000000000000e+00 2.940331519810965299e-01 -1.122713495556459939e-01 4.505736143096030627e-02 -1.897869607080549664e-02 9.601835161949045724e-03
1.100000000000000089e+00 2.940331519810965299e-01 -1.122713495556459939e-01 4.505736143096030627e-02 -1.897869607080549664e-02 9.601835161949045724e-03
1.200000000000000178e+00 2.940331519810965299e-01 -1.122713495556459939e-01 4.505736143096030627e-02 -1.897869607080549664e-02 9.601835161949045724e-03
1.300000000000000044e+00 2.940331519810965299e-01 -1.122713495556459939e-01 4.505736143096030627e-02 -1.897869607080549664e-02 9.601835161949045724e-03
1.400000000000000133e+00 2.940331519810965299e-01 -1.122713495556459939e-01 4.505736143096030627e-02 -1.897869607080549664e-02 9.601835161949045724e-03
1.500000000000000000e+00 2.940331519810965299e-01 -1.122713495556459939e-01 4.505736143096030627e-02 -1.897869607080549664e-02 9.601835161949045724e-03
1.600000000000000089e+00 2.940331519810965299e-01 -1.122713495556459939e-01 4.505736143096030627e-02 -1.897869607080549664e-02 9.601835161949045724e-03
1.700000000000000178e+00 2.940331519810965299e-01 -1.122713495556459939e-01 4.505736143096030627e-02 -1.897869607080549664e-02 9.601835161949045724e-03
1.800000000000000044e+00 2.940331519810965299e-01 -1.122713495556459939e-01 4.505736143096030627e-02 -1.897869607080549664e-02 9.601835161949045724e-03
1.900000000000000133e+00 2.940331519810965299e-01 -1.122713495556459939e-01 4.505736143096030627e-02 -1.897869607080549664e-02 9.601835161949045724e-03
2.000000000000000000e+00 2.940331519810965299e-01 -1.122713495556459939e-01 4.505736143096030627e-02 -1.897869607080549664e-02 9.601835161949045724e-03
2.100000000000000089e+00 2.940331519810965299e-01 -1.122713495556459939e-01 4.505736143096030627e-02 -1.897869607080549664e-02 9.601835161949045724e-03
2.200000000000000178e+00 2.940331519810965299e-01 -1.122713495556459939e-01 4.505736143096030627e-02 -1.897869607080549664e-02 9.601835161949045724e-03
2.300000000000000266e+00 2.940331519810965299e-01 -1.122713495556459939e-01 4.505736143096030627e-02 -1.897869607080549664e-02 9.601835161949045724e-03
2.400000000000000355e+00 2.940331519810965299e-01 -1.122713495556459939e-01 4.505736143096030627e-02 -1.897869607080549664e-02 9.601835161949045724e-03
2.500000000000000000e+00 2.940331519810965299e-01 -1.122713495556459939e-01 4.505736143096030627e-02 -1.897869607080549664e-02 9.601835161949045724e-03
2.600000000000000089e+00 2.940331519810965299e-01 -1.122713495556459939e-01 4.505736143096030627e-02 -1.897869607080549664e-02 9.601835161949045724e-03
2.700000000000000178e+00 2.940331519810965299e-01 -1.122713495556459939e-01 4.505736143096030627e-02 -1.897869607080549664e-02 9.601835161949045724e-03
2.800000000000000266e+00 2.940331519810965299e-01 -1.122713495556459939e-01 4.505736143096030627e-02 -1.897869607080549664e-02 9.601835161949045724e-03
2.900000000000000355e+00 2.940331519810965299e-01 -1.122713495556459939e-01 4.505736143096030627e-02 -1.897869607080549664e-02 9.601835161949045724e-03
3.000000000000000000e+00 2.940331519810965299e-01 -1.122713495556459939e-01 4.505736143096030627e-02 -1.897869607080549664e-02 9.601835161949045724e-03
3.100000000000000089e+00 2.940331519810965299e-01 -1.122713495556459939e-01 4.505736143096030627e-02 -1.897869607080549664e-02 9.601835161949045724e-03
3.200000000000000178e+00 2.940331519810965299e-01 -1.122713495556459939e-01 4.505736143096030627e-02 -1.897869607080549664e-02 9.601835161949045724e-03
3.300000000000000266e+00 2.940331519810965299e-01 -1.122713495556459939e-01 4.505736143096030627e-02 -1.897869607080549664e-02 9.601835161949045724e-03
3.400000000000000355e+00 2.940331519810965299e-01 -1.122713495556459939e-01 4.505736143096030627e-02 -1.897869607080549664e-02 9.601835161949045724e-03
3.500000000000000000e+00 2.940331519810965299e-01 -1.122713495556459939e-01 4.505736143096030627e-02 -1.897869607080549664e-02 9.601835161949045724e-03
3.600000000000000089e+00 2.940331519810965299e-01 -1.122713495556459939e-01 4.505736143096030627e-02 -1.897869607080549664e-02 9.601835161949045724e-03
3.700000000000000178e+00 2.940331519810965299e-01 -1.122713495556459939e-01 4.505736143096030627e-02 -1.897869607080549664e-02 9.601835161949045724e-03
3.800000000000000266e+00 2.940331519810965299e-01 -1.122713495556459939e-01 4.505736143096030627e-02 -1.897869607080549664e-02 9.601835161949045724e-03
3.900000000000000355e+00 2.940331519810965299e-01 -1.122713495556459939e-01 4.505736143096030627e-02 -1.897869607080549664e-02 9.601835161949045724e-03
4.000000000000000000e+00 2.940331519810965299e-01 -1.122713495556459939e-01 4.505736143096030627e-02 -1.897869607080549664e-02 9.601835161949045724e-03
4.100000000000000533e+00 2.940331519810965299e-01 -1.122713495556459939e-01 4.505736143096030627e-02 -1.897869607080549664e-02 9.601835161949045724e-03
4.200000000000000178e+00 2.940331519810965299e-01 -1.122713495556459939e-01 4.505736143096030627e-02 -1.897869607080549664e-02 9.601835161949045724e-03
4.299999999999999822e+00 2.940331519810965299e-01 -1.122713495556459939e-01 4.505736143096030627e-02 -1.897869607080549664e-02 9.601835161949045724e-03
4.400000000000000355e+00 2.940331519810965299e-01 -1.122713495556459939e-01 4.505736143096030627e-02 -1.897869607080549664e-02 9.601835161949045724e-03
4.500000000000000000e+00 2.940331519810965299e-01 -1.122713495556459939e-01 4.505736143096030627e-02 -1.897869607080549664e-02 9.601835161949045724e-03
4.600000000000000533e+00 2.940331519810965299e-01 -1.122713495556459939e-01 4.505736143096030627e-02 -1.897869607080549664e-02 9.601835161949045724e-03
4.700000000000000178e+00 2.940331519810965299e-01 -1.122713495556459939e-01 4.505736143096030627e-02 -1.897869607080549664e-02 9.601835161949045724e-03
4.800000000000000711e+00 2.940331519810965299e-01 -1.122713495556459939e-01 4.505736143096030627e-02 -1.897869607080549664e-02 9.601835161949045724e-03
4.900000000000000355e+00 2.940331519810965299e-01 -1.122713495556459939e-01 4.505736143096030627e-02 -1.897869607080549664e-02 9.601835161949045724e-03
5.000000000000000000e+00 2.940331519810965299e-01 -1.122713495556459939e-01 4.505736143096030627e-02 -1.897869607080549664e-02 9.601835161949045724e-03
5.100000000000000533e+00 2.940331519810965299e-01 -1.122713495556459939e-01 4.505736143096030627e-02 -1.897869607080549664e-02 9.601835161949045724e-03
5.200000000000000178e+00 2.940331519810965299e-01 -1.122713495556459939e-01 4.505736143096030627e-02 -1.897869607080549664e-02 9.601835161949045724e-03
5.300000000000000711e+00 2.940331519810965299e-01 -1.122713495556459939e-01 4.505736143096029933e-02 -1.897869607080548970e-02 9.601835161949033581e-03
5.400000000000000355e+00 2.940331519810964189e-01 -1.122713495556423441e-01 4.505736143095421392e-02 -1.897869607079278112e-02 9.601835161928379964e-03
5.500000000000000000e+00 2.940331519810420735e-01 -1.122713495536993566e-01 4.505736142771796932e-02 -1.897869606403163739e-02 9.601835150939918087e-03
5.600000000000000533e+00 2.940331519711252284e-01 -1.122713491992041318e-01 4.505736083726761404e-02 -1.897869483046656092e-02 9.601833146104811131e-03
5.700000000000000178e+00 2.940331513031355093e-01 -1.122713253207252987e-01 4.505732106505930951e-02 -1.897861173873439250e-02 9.601698102559700840e-03
5.800000000000000711e+00 2.940331332981144241e-01 -1.122706816877319241e-01 4.505624902327814291e-02 -1.897637206162812104e-02 9.598058139386154985e-03
5.900000000000000355e+00 2.940329205285848735e-01 -1.122630748049581323e-01 4.504357884877818047e-02 -1.894990372999831238e-02 9.555044299893246038e-03
6.000000000000000000e+00 2.940316936194358743e-01 -1.122191806099911981e-01 4.497046547033869274e-02 -1.879722699579956802e-02 9.307025108418959594e-03
6.100000000000000533e+00 2.940277845509913224e-01 -1.120788994131511618e-01 4.473676948157845334e-02 -1.831006213001411947e-02 8.517020112543011515e-03
6.200000000000000178e+00 2.940199392076383589e-01 -1.117944477436058626e-01 4.426267348644077199e-02 -1.732746251519655042e-02 6.932957794981245772e-03
6.300000000000000711e+00 2.940087392396993349e-01 -1.113779967390226416e-01 4.356779737934431129e-02 -1.590740728219797867e-02 4.676891287608056155e-03
6.400000000000000355e+00 2.939959858204035936e-01 -1.108818120834213494e-01 4.273840392512668479e-02 -1.425428814493578077e-02 2.120729846206764399e-03
6.500000000000000000e+00 2.939830369875307547e-01 -1.103462644681327126e-01 4.184169850344711394e-02 -1.252596203978900355e-02 -4.497587754806911357e-04
6.600000000000000533e+00 2.939703445368612722e-01 -1.097853796962758310e-01 4.090208872591813427e-02 -1.078056482345706585e-02 -2.927143790922753178e-03
6.700000000000000178e+00 2.939579403798970869e-01 -1.092012371452178998e-01 3.992453195032012736e-02 -9.030965804306441067e-03 -5.285237806292543070e-03
6.800000000000000711e+00 2.939457530366755278e-01 -1.085936226260483806e-01 3.891015539225784609e-02 -7.281012079884506896e-03 -7.515023723269103478e-03
6.900000000000000355e+00 2.939336750084430849e-01 -1.079621570717426288e-01 3.785976778609061871e-02 -5.533731537899839320e-03 -9.609987714397288244e-03
7.000000000000000000e+00 2.939215709550460631e-01 -1.073065337879926667e-01 3.677412319790513556e-02 -3.792018657665714287e-03 -1.156494085363887238e-02
7.100000000000000533e+00 2.939092715643000786e-01 -1.066265391786968414e-01 3.565395793994612789e-02 -2.058773260932162449e-03 -1.337606563195495486e-02
7.200000000000000178e+00 2.938965887233628282e-01 -1.059220296131322542e-01 3.450000419755930303e-02 -3.369873337925669010e-04 -1.504093934059084169e-02
7.300000000000000711e+00 2.938833284236465060e-01 -1.051929232049034074e-01 3.331299321347259285e-02 1.370179201244773682e-03 -1.655893956543133885e-02
7.400000000000000355e+00 2.938692924948080321e-01 -1.044391820878410870e-01 3.209371586114628111e-02 3.059278784550871662e-03 -1.793119620476502432e-02
7.500000000000000000e+00 2.938542913431599901e-01 -1.036607767137820157e-01 3.084305321478186118e-02 4.726608734711177512e-03 -1.916037571777513826e-02
7.600000000000000533e+00 2.938381380332656390e-01 -1.028576808157213862e-01 2.956202261546763202e-02 6.368210987632863529e-03 -2.025040513330870345e-02
7.700000000000000178e+00 2.938206267515460213e-01 -1.020298872518506927e-01 2.825174755637926971e-02 7.980193825062825361e-03 -2.120509002684391534e-02
7.800000000000000711e+00 2.938015155800969280e-01 -1.011774194425901080e-01 2.691343922925582693e-02 9.559039000457621865e-03 -2.202689924281216183e-02
7.900000000000000355e+00 2.937805412139308237e-01 -1.003003083125552364e-01 2.554845033786737676e-02 1.110142547606782736e-02 -2.271747287499560272e-02
8.000000000000000000e+00 2.937574616651897896e-01 -9.939853735120258993e-02 2.415831953068772048e-02 1.260393734002867444e-02 -2.327882311808660357e-02
8.099999999999999645e+00 2.937320653115266800e-01 -9.847203118996369908e-02 2.274480115567507205e-02 1.406298107102514974e-02 -2.371365754863926853e-02
8.200000000000001066e+00 2.937041416501148250e-01 -9.752070199665527350e-02 2.130977800424083829e-02 1.547511851586143294e-02 -2.402432926734479959e-02
8.300000000000000711e+00 2.936734547733321210e-01 -9.654449325407461757e-02 1.985517658834713012e-02 1.683741271345140164e-02 -2.421182022198667405e-02
8.400000000000000355e+00 2.936397496102483018e-01 -9.554337896025442978e-02 1.838297737750774902e-02 1.814735243052375060e-02 -2.427614357770415190e-02
8.500000000000000000e+00 2.936027811952599542e-01 -9.451733718452240418e-02 1.689522774435645025e-02 1.940261113731138465e-02 -2.421749680259598081e-02
8.599999999999999645e+00 2.935623251304431136e-01 -9.346634440940780608e-02 1.539405452655861518e-02 2.060092985879038996e-02 -2.403689612209361851e-02
8.700000000000001066e+00 2.935181650041170376e-01 -9.239039755861588876e-02 1.388162188628186411e-02 2.174019424375994367e-02 -2.373606810689201166e-02
8.800000000000000711e+00 2.934700767993224102e-01 -9.128954012202332435e-02 1.236007985097436340e-02 2.281856356515878093e-02 -2.331720703236848935e-02
8.900000000000000355e+00 2.934178212283976572e-01 -9.016387275202632223e-02 1.083155700930907121e-02 2.383451446583966307e-02 -2.278290881966519785e-02
9.000000000000000000e+00 2.933611449974410923e-01 -8.901355004399758020e-02 9.298155507115093629e-03 2.478683206905907613e-02 -2.213626104093920771e-02
9.099999999999999645e+00 2.932997882451375271e-01 -8.783876862384046302e-02 7.761972778481221122e-03 2.567452337296147885e-02 -2.138119139415709663e-02
9.200000000000001066e+00 2.932334998238744217e-01 -8.663974211292592431e-02 6.225133796175400663e-03 2.649664120475268489e-02 -2.052300501332008503e-02
9.300000000000000711e+00 2.931620464435574225e-01 -8.541668424905032864e-02 4.689805506865414239e-03 2.725217634555458443e-02 -1.956865370793111486e-02
9.400000000000000355e+00 2.930852001853684885e-01 -8.416982073338893922e-02 3.158176239485214164e-03 2.794016120254091615e-02 -1.852617568239322762e-02
9.500000000000000000e+00 2.930027174068728923e-01 -8.289941189328103865e-02 1.632406638842863033e-03 2.855987425393212084e-02 -1.740368871062435499e-02
9.600000000000001421e+00 2.929143353587335130e-01 -8.160575371884068452e-02 1.146213161682980031e-04 2.911087337165269712e-02 -1.620907093328399773e-02
9.700000000000001066e+00 2.928197933632977201e-01 -8.028914759375010979e-02 -1.393053401367640512e-03 2.959279525943405570e-02 -1.495050869843390570e-02
9.800000000000000711e+00 2.927188538166379805e-01 -7.894987151328815289e-02 -2.888455237141572280e-03 3.000516634751866987e-02 -1.363703021785886600e-02
9.900000000000000355e+00 2.926113003488702291e-01 -7.758818339452518142e-02 -4.369392529622737747e-03 3.034743937889937057e-02 -1.227826883729887623e-02
1.000000000000000000e+01 2.924969200209308062e-01 -7.620434654527631635e-02 -5.833688507601228479e-03 3.061919168248463524e-02 -1.088363231379962763e-02
1.010000000000000142e+01 2.923754872879211208e-01 -7.479865386583239850e-02 -7.279222182410353438e-03 3.082029698015640792e-02 -9.461592188710293491e-03
1.020000000000000107e+01 2.922467581873541276e-01 -7.337143905232225427e-02 -8.703952122432436628e-03 3.095098523575703225e-02 -8.019388380471677291e-03
1.030000000000000071e+01 2.921104756885681275e-01 -7.192307313246251721e-02 -1.010591912485315179e-02 3.101179190504537581e-02 -6.563167270208843974e-03
1.040000000000000036e+01 2.919663851516093311e-01 -7.045394732677523475e-02 -1.148322278225460610e-02 3.100340943598168739e-02 -5.098547594444410511e-03
1.050000000000000000e+01 2.918142502791453707e-01 -6.896445485445479306e-02 -1.283399688127987402e-02 3.092653706563450178e-02 -3.631218963576212169e-03
1.060000000000000142e+01 2.916538532807830264e-01 -6.745499374263287662e-02 -1.415641628988922006e-02 3.078188418338801899e-02 -2.166970475597197309e-03
1.070000000000000107e+01 2.914849782318552074e-01 -6.592599141198396406e-02 -1.544873768748220196e-02 3.057033230402228519e-02 -7.111110246846893534e-04
1.080000000000000071e+01 2.913073971616660929e-01 -6.437792445384157847e-02 -1.670933178242044875e-02 3.029306245149368873e-02 7.319872417661272158e-04
1.090000000000000036e+01 2.911208748414584324e-01 -6.281131175781724807e-02 -1.793666966882134090e-02 2.995148856385062772e-02 2.158608842888124109e-03
1.100000000000000000e+01 2.909251848483804248e-01 -6.122669121846258111e-02 -1.912928274413080998e-02 2.954707442335214110e-02 3.564981259666129797e-03
1.110000000000000142e+01 2.907201170617467190e-01 -5.962460792128013165e-02 -2.028574182702034059e-02 2.908123819553233569e-02 4.946898547041482345e-03
1.120000000000000107e+01 2.905054691716374426e-01 -5.800562386143541527e-02 -2.140467283675449514e-02 2.855542034052360387e-02 6.299976322149366745e-03
1.130000000000000071e+01 2.902810316680629610e-01 -5.637033609331367628e-02 -2.248478789323671290e-02 2.797122007032836269e-02 7.620181923849602898e-03
1.140000000000000036e+01 2.900465782215958521e-01 -5.471938691599458754e-02 -2.352490391623312041e-02 2.733048030290798069e-02 8.904183730575318534e-03
1.150000000000000000e+01 2.898018667003783300e-01 -5.305345886705716690e-02 -2.452393723419455523e-02 2.663526746275557411e-02 1.014932022817253629e-02
1.160000000000000142e+01 2.895466504691259768e-01 -5.137325560675708169e-02 -2.548087518093755666e-02 2.588774978820828493e-02 1.135319596760150582e-02
1.170000000000000107e+01 2.892806944075957953e-01 -4.967947673998548974e-02 -2.639473804916426386e-02 2.509003067003836088e-02 1.251311330178729413e-02
1.180000000000000071e+01 2.890037850913773076e-01 -4.797280153134541453e-02 -2.726455642743203997e-02 2.424404468804389895e-02 1.362573753709008829e-02
1.190000000000000036e+01 2.887157276062307654e-01 -4.625389213752319900e-02 -2.808938033362945452e-02 2.335159261158955765e-02 1.468727220961021061e-02
1.200000000000000000e+01 2.884163322872255741e-01 -4.452341134902076947e-02 -2.886830993448053634e-02 2.241447974466325918e-02 1.569400882581956091e-02
1.210000000000000142e+01 2.881054015256513390e-01 -4.278204031597211687e-02 -2.960052205800809202e-02 2.143465220987909522e-02 1.664285622728855704e-02
1.220000000000000107e+01 2.877827247431449242e-01 -4.103048492188952207e-02 -3.028527628663200619e-02 2.041424875538576378e-02 1.753155165434212501e-02
1.230000000000000071e+01 2.874480840936374793e-01 -3.926946765049063592e-02 -3.092190176788531947e-02 1.935554453503288488e-02 1.835848221976664821e-02
1.240000000000000036e+01 2.871012677907830435e-01 -3.749970966224245444e-02 -3.150977534353122111e-02 1.826082005868622654e-02 1.912224342752290654e-02
1.250000000000000000e+01 2.867420825260728057e-01 -3.572191476382543390e-02 -3.204830465924746186e-02 1.713224025713630180e-02 1.982123013246437845e-02
1.260000000000000142e+01 2.863703557797857013e-01 -3.393676754377036864e-02 -3.253692734576349443e-02 1.597183411498389466e-02 2.045356682194966053e-02
1.270000000000000107e+01 2.859859262983316386e-01 -3.214494759869615526e-02 -3.297512731081621989e-02 1.478159203293649866e-02 2.101743674974302506e-02
1.280000000000000071e+01 2.855886301083049861e-01 -3.034714942653745501e-02 -3.336245801845150183e-02 1.356360888167925521e-02 2.151156836533166597e-02
1.290000000000000036e+01 2.851782915365682070e-01 -2.854409502489681921e-02 -3.369855933168333650e-02 1.232017874592214804e-02 2.193555570040186045e-02
1.300000000000000000e+01 2.847547240660283641e-01 -2.673653293171284959e-02 -3.398315924472743166e-02 1.105379058665125445e-02 2.228982675438469230e-02
1.310000000000000142e+01 2.843177397744632851e-01 -2.492522579067683527e-02 -3.421605989440754808e-02 9.767033352781296848e-03 2.257527891508445683e-02
1.320000000000000107e+01 2.838671613780640035e-01 -2.311093446124156195e-02 -3.439711606278161860e-02 8.462468224098584207e-03 2.279279049526193590e-02
1.330000000000000071e+01 2.834028292568060436e-01 -2.129440847631982811e-02 -3.452621954947074356e-02 7.142545687253589251e-03 2.294290496558501133e-02
1.340000000000000036e+01 2.829245994084637061e-01 -1.947638801693281005e-02 -3.460329845413558092e-02 5.809611938723000489e-03 2.302585961429999897e-02
1.350000000000000000e+01 2.824323350311452319e-01 -1.765761406502102185e-02 -3.462832932889316900e-02 4.465982005441554610e-03 2.304186807179655835e-02
1.360000000000000142e+01 2.819258981166191114e-01 -1.583883871545785360e-02 -3.460135280269420466e-02 3.114018409488270196e-03 2.299141641986838722e-02
1.370000000000000107e+01 2.814051452067126702e-01 -1.402083022914477409e-02 -3.452248470290357474e-02 1.756172850284800323e-03 2.287541102419817646e-02
1.380000000000000071e+01 2.808699270909622014e-01 -1.220437273366837237e-02 -3.439192008247236171e-02 3.949890532236116029e-04 2.269518044637700363e-02
1.390000000000000036e+01 2.803200903650992504e-01 -1.039026288903364265e-02 -3.420993072284367331e-02 -9.669162805371177977e-04 2.245240575858382243e-02
1.400000000000000000e+01 2.797554797634251300e-01 -8.579304885089730076e-03 -3.397685694690863456e-02 -2.326884492549897120e-03 2.214901922691497882e-02
1.410000000000000142e+01 2.791759414214314838e-01 -6.772303886873378906e-03 -3.369309473808692473e-02 -3.682257688759781825e-03 2.178706762994847557e-02
1.420000000000000107e+01 2.785813270867252833e-01 -4.970058353994387911e-03 -3.335908073927774942e-02 -5.030430763669393145e-03 2.136854409968097501e-02
1.430000000000000071e+01 2.779714983437863718e-01 -3.173352770304357570e-03 -3.297527940279895015e-02 -6.368901623685352224e-03 2.089522901950675859e-02
1.440000000000000036e+01 2.773463294141821356e-01 -1.382952694740036776e-03 -3.254217629155130298e-02 -7.695304705087681850e-03 2.036859762157017251e-02
1.450000000000000000e+01 2.767057075048465764e-01 4.003967253826332118e-04 -3.206027907513224473e-02 -9.007417880367808369e-03 1.978983207552745607e-02
1.460000000000000142e+01 2.760495306557208539e-01 2.175968870878836406e-03 -3.153012472006391786e-02 -1.030314280255574359e-02 1.915993379106772226e-02
1.470000000000000107e+01 2.753777040201496051e-01 3.943051479796090379e-03 -3.095228929464480597e-02 -1.158046822528431899e-02 1.847989118863875915e-02
1.480000000000000071e+01 2.746901359601282011e-01 5.700941684213394443e-03 -3.032739647323993981e-02 -1.283743023900439824e-02 1.775084222187694322e-02
1.490000000000000036e+01 2.739867350061830353e-01 7.448941554509562121e-03 -2.965612226918344640e-02 -1.407208061743888544e-02 1.697418983630138295e-02
1.500000000000000000e+01 2.732674080139051997e-01 9.186354969550673127e-03 -2.893919578999760295e-02 -1.528246786575515603e-02 1.615166426336207828e-02
1.510000000000000142e+01 2.725320594795640483e-01 1.091248631014776066e-02 -2.817739735699914191e-02 -1.646663129564861217e-02 1.528534485678024503e-02
1.520000000000000107e+01 2.717805921683765780e-01 1.262664139448190295e-02 -2.737155536873156839e-02 -1.762260867363543357e-02 1.437764454850426477e-02
1.530000000000000071e+01 2.710129093867441052e-01 1.432813085639823500e-02 -2.652254235991658229e-02 -1.874845863444206048e-02 1.343124536023479997e-02
1.540000000000000036e+01 2.702289187877746635e-01 1.601627546580060291e-02 -2.563126995435342087e-02 -1.984229555517390275e-02 1.244898131741989031e-02
1.550000000000000000e+01 2.694285367003939613e-01 1.769041192879341334e-02 -2.469868260355162146e-02 -2.090232797148237898e-02 1.143369381872043865e-02
1.560000000000000142e+01 2.686116913964026187e-01 1.934989716655919831e-02 -2.372575110897307341e-02 -2.192688751633768349e-02 1.038810732030182385e-02
1.570000000000000107e+01 2.677783240124135822e-01 2.099410947458657181e-02 -2.271346804498218866e-02 -2.291443791935839774e-02 9.314769278102971728e-03
1.580000000000000071e+01 2.669283868662740700e-01 2.262244623047149350e-02 -2.166284705500708813e-02 -2.386356181622937764e-02 8.216070372538226627e-03
1.590000000000000036e+01 2.660618400317282251e-01 2.423431933032950403e-02 -2.057492614447763851e-02 -2.477293240159011284e-02 7.094327001892550451e-03
1.600000000000000000e+01 2.651786476568352979e-01 2.582915045474898710e-02 -1.945077279119261648e-02 -2.564128246162180463e-02 5.951885530060114365e-03
1.610000000000000142e+01 2.642787753430299591e-01 2.740636801347799689e-02 -1.829148791652494485e-02 -2.646738234754734964e-02 4.791206002238531519e-03
1.619999999999999929e+01 2.633621891158278716e-01 2.896540636503307925e-02 -1.709820712654886582e-02 -2.725003201467527877e-02 3.614899959626066087e-03
1.630000000000000071e+01 2.624288556511995552e-01 3.050570656936744604e-02 -1.587209971876095416e-02 -2.798806465086599304e-02 2.425721336340305474e-03
1.640000000000000213e+01 2.614787429735014879e-01 3.202671740205071532e-02 -1.461436693613757040e-02 -2.868035504280436881e-02 1.226528577794800019e-03
1.650000000000000000e+01 2.605118209163418408e-01 3.352789575600016031e-02 -1.332624045787685410e-02 -2.932582604838122539e-02 2.024349619298348654e-05
1.660000000000000142e+01 2.595280610003989907e-01 3.500870632437268898e-02 -1.200898112996507359e-02 -2.992344978528312799e-02 -1.190172073624453947e-03
1.669999999999999929e+01 2.585274357832088032e-01 3.646862104016455192e-02 -1.066387737226347568e-02 -3.047224418446220148e-02 -2.401714222306043471e-03
1.680000000000000071e+01 2.575099180812372435e-01 3.790711898989186646e-02 -9.292242601478968231e-03 -3.097126896535108351e-02 -3.611320050334345094e-03
1.690000000000000213e+01 2.564754806990113267e-01 3.932368749249731676e-02 -7.895411083274239683e-03 -3.141962691679456299e-02 -4.815861639323167596e-03
1.700000000000000000e+01 2.554240972816598232e-01 4.071782474313261763e-02 -6.474731937340593227e-03 -3.181647558872899295e-02 -6.012178895019308633e-03
1.710000000000000142e+01 2.543557445056277566e-01 4.208904383290777707e-02 -5.031561813307440859e-03 -3.216105061178716612e-02 -7.197162735929063353e-03
1.719999999999999929e+01 2.532704051422592917e-01 4.343687724520164939e-02 -3.567257763524049434e-03 -3.245269606043831717e-02 -8.367871338682943486e-03
1.730000000000000071e+01 2.521680709492967187e-01 4.476088050501707966e-02 -2.083172222202093853e-03 -3.269089249054648455e-02 -9.521638648937772245e-03
1.740000000000000213e+01 2.510487442593957730e-01 4.606063385172674135e-02 -5.806512090037871041e-04 -3.287527246086521110e-02 -1.065613206359269927e-02
1.750000000000000000e+01 2.499124376390382818e-01 4.733574155341269823e-02 9.389646233302288269e-04 -3.300561737785965427e-02 -1.176933689768742443e-02
1.760000000000000142e+01 2.487591718138349450e-01 4.858582935863196145e-02 2.474337581501091267e-03 -3.308183656288055802e-02 -1.285947618744143033e-02
1.769999999999999929e+01 2.475889727475405755e-01 4.981054114117720866e-02 4.024130701191630695e-03 -3.310393609131145193e-02 -1.392489856449699234e-02
1.780000000000000071e+01 2.464018689749191693e-01 5.100953584597194002e-02 5.587006522197080979e-03 -3.307198806082967124e-02 -1.496397384853736905e-02
1.790000000000000213e+01 2.451978899704370107e-01 5.218248548780079349e-02 7.161626939657075169e-03 -3.298610934969943564e-02 -1.597502556136479526e-02
1.800000000000000000e+01 2.439770657323277747e-01 5.332907443444444284e-02 8.746653784969088061e-03 -3.284645394452641309e-02 -1.695630974692681134e-02
1.810000000000000142e+01 2.427394272390774599e-01 5.444899975721232549e-02 1.034074967380924949e-02 -3.265321732688254014e-02 -1.790603086540181951e-02
1.819999999999999929e+01 2.414850072317419882e-01 5.554197218782753326e-02 1.194257875356896127e-02 -3.240664765966870531e-02 -1.882237577714215848e-02
1.830000000000000071e+01 2.402138408841721640e-01 5.660771719324879381e-02 1.355080731285632223e-02 -3.210705756133481331e-02 -1.970354763212880944e-02
1.840000000000000213e+01 2.389259661686109482e-01 5.764597579325207027e-02 1.516410465885912467e-02 -3.175483163424704103e-02 -2.054778905635267633e-02
1.850000000000000000e+01 2.376214239272778084e-01 5.865650489887268282e-02 1.678114480990548427e-02 -3.135042751683553286e-02 -2.135339242769885085e-02
1.860000000000000142e+01 2.363002577459504816e-01 5.963907708293231247e-02 1.840060907144338426e-02 -3.089437096510335226e-02 -2.211870007883010719e-02
1.869999999999999929e+01 2.349625137221023619e-01 6.059347980987940530e-02 2.002118874471667254e-02 -3.038724750943620767e-02 -2.284209862163604637e-02
1.880000000000000071e+01 2.336082401961809274e-01 6.151951428006691147e-02 2.164158682174328538e-02 -2.982969406710234833e-02 -2.352201156818824884e-02
1.890000000000000213e+01 2.322374875102424241e-01 6.241699417472748590e-02 2.326051803108455593e-02 -2.922239339164460145e-02 -2.415689476161714255e-02
1.900000000000000000e+01 2.308503078631723993e-01 6.328574465222568113e-02 2.487670765301329412e-02 -2.856607272039925205e-02 -2.474523909672868283e-02
1.910000000000000142e+01 2.294467553129221904e-01 6.412560186610317958e-02 2.648889022954866931e-02 -2.786150611587816586e-02 -2.528558280848251794e-02
1.920000000000000284e+01 2.280268859194392872e-01 6.493641305235872685e-02 2.809580910827683131e-02 -2.710951856621611478e-02 -2.577653123033689028e-02
1.930000000000000071e+01 2.265907579515530623e-01 6.571803697538641797e-02 2.969621695109331619e-02 -2.631098946707599237e-02 -2.621677794881903389e-02
1.940000000000000213e+01 2.251384320423249208e-01 6.647034437722169897e-02 3.128887664423712911e-02 -2.546685373546222000e-02 -2.660512060789774896e-02
1.950000000000000000e+01 2.236699711992710671e-01 6.719321812624674817e-02 3.287256195616033300e-02 -2.457810009614890337e-02 -2.694046774803047009e-02
1.960000000000000142e+01 2.221854406475487764e-01 6.788655296806973827e-02 3.444605771753172369e-02 -2.364576735446086500e-02 -2.722183776242434808e-02
1.970000000000000284e+01 2.206849075634746138e-01 6.855025500697214946e-02 3.600815979798004801e-02 -2.267094013017337609e-02 -2.744835439195278046e-02
1.980000000000000071e+01 2.191684407974514304e-01 6.918424115535468100e-02 3.755767535429305193e-02 -2.165474536148212503e-02 -2.761924368064459442e-02
1.990000000000000213e+01 2.176361106689943259e-01 6.978843873578155499e-02 3.909342365971299471e-02 -2.059835013387760830e-02 -2.773383540743276296e-02
2.000000000000000000e+01 2.160879888579548547e-01 7.036278527126064997e-02 4.061423747616871999e-02 -1.950296055694517028e-02 -2.779156911848964726e-02
2.010000000000000142e+01 2.145241483544776118e-01 7.090722837098505094e-02 4.211896463367035409e-02 -1.836982096138676385e-02 -2.779200237984942590e-02
2.020000000000000284e+01 2.129446633999272365e-01 7.142172558862318332e-02 4.360646936816094110e-02 -1.720021276307462377e-02 -2.773481760923742281e-02
2.030000000000000071e+01 2.113496093608794868e-01 7.190624418915265992e-02 4.507563304859488196e-02 -1.599545274115003052e-02 -2.761982412650722599e-02
2.040000000000000213e+01 2.097390625136003051e-01 7.236076084018253085e-02 4.652535413476258097e-02 -1.475689087368824842e-02 -2.744695369839332891e-02
2.050000000000000000e+01 2.081130997584883513e-01 7.278526128923333560e-02 4.795454748367497522e-02 -1.348590808726382595e-02 -2.721625033152343803e-02
2.060000000000000142e+01 2.064717983269417911e-01 7.317974010194773504e-02 4.936214340673491380e-02 -1.218391438241679323e-02 -2.692785774055030112e-02
2.070000000000000284e+01 2.048152355896476484e-01 7.354420055520331789e-02 5.074708709107791232e-02 -1.085234796344171013e-02 -2.658201004094741179e-02
2.080000000000000071e+01 2.031434891112423591e-01 7.387865481171004833e-02 5.210833901650404471e-02 -9.492676199756213545e-03 -2.617903181149851613e-02
2.090000000000000213e+01 2.014566370787263527e-01 7.418312449465754022e-02 5.344487672264393308e-02 -8.106399156102280651e-03 -2.571935168911110986e-02
2.100000000000000000e+01 1.997547591212238127e-01 7.445764166432579378e-02 5.475569773553130154e-02 -6.695055714897049648e-03 -2.520352883634773694e-02
2.110000000000000142e+01 1.980379373583479874e-01 7.470224998583999132e-02 5.603982287081140518e-02 -5.260231078909428232e-03 -2.463228552587067716e-02
2.120000000000000284e+01 1.963062573623478302e-01 7.491700569716221170e-02 5.729629883250883515e-02 -3.803563371965953954e-03 -2.400653497593273691e-02
2.130000000000000071e+01 1.945598087091691686e-01 7.510197799620194070e-02 5.852419925795469130e-02 -2.326746977024839267e-03 -2.332739441623253238e-02
2.140000000000000213e+01 1.927986849559996940e-01 7.525724870322141047e-02 5.972262404310380024e-02 -8.315314059095767207e-04 -2.259617927199596490e-02
2.150000000000000000e+01 1.910229831219367180e-01 7.538291137465512326e-02 6.089069752439191241e-02 6.802837965756817779e-04 -2.181438184436550534e-02
2.160000000000000142e+01 1.892328029069644535e-01 7.547907022087331497e-02 6.202756643802933428e-02 2.206856493024050934e-03 -2.098364214115449114e-02
2.170000000000000284e+01 1.874282458689598141e-01 7.554583909191935065e-02 6.313239833597052153e-02 3.746310275514324120e-03 -2.010571715201574586e-02
2.180000000000000071e+01 1.856094146326193739e-01 7.558334053045880074e-02 6.420438052729572631e-02 5.296743287020504176e-03 -1.918244980229498117e-02
2.190000000000000213e+01 1.837764120680355773e-01 7.559170467832668217e-02 6.524271909462682484e-02 6.856238049488721023e-03 -1.821573483070155000e-02
2.200000000000000000e+01 1.819293403689070110e-01 7.557106784593987936e-02 6.624663747257825142e-02 8.422872568858211922e-03 -1.720747966691135028e-02
2.210000000000000142e+01 1.800683000865993533e-01 7.552157080827785751e-02 6.721537448633134459e-02 9.994731668259940194e-03 -1.615956372378703904e-02
2.220000000000000284e+01 1.781933893309145256e-01 7.544335719265449214e-02 6.814818231459725262e-02 1.156991612737072461e-02 -1.507380521322628300e-02
2.230000000000000071e+01 1.763047034016764492e-01 7.533657244944205744e-02 6.904432515330406750e-02 1.314654698025264148e-02 -1.395194590830734632e-02
2.240000000000000213e+01 1.744023350113764748e-01 7.520136374680526370e-02 6.990307919888757993e-02 1.472276366405002833e-02 -1.279565952042014364e-02
2.250000000000000000e+01 1.724863750522690198e-01 7.503788078750020518e-02 7.072373404550186260e-02 1.629671691905109146e-02 -1.160658106877325915e-02
2.260000000000000142e+01 1.705569136696339638e-01 7.484627720666892081e-02 7.150559501912358285e-02 1.786655913637516524e-02 -1.038634751936022733e-02
2.270000000000000284e+01 1.686140413243209790e-01 7.462671204836401895e-02 7.224798566575560410e-02 1.943043529483444443e-02 -9.136637623185594678e-03
2.280000000000000071e+01 1.666578495836150420e-01 7.437935088574570974e-02 7.295024968981164704e-02 2.098647670372966872e-02 -7.859201632411825719e-03
2.290000000000000213e+01 1.646884315177518099e-01 7.410436636677109057e-02 7.361175199455770313e-02 2.253279822802101498e-02 -6.555877020275964820e-03
2.300000000000000000e+01 1.627058817215066011e-01 7.380193819903786701e-02 7.423187888125781786e-02 2.406749841571695359e-02 -5.228591425582530469e-03
2.310000000000000142e+01 1.607102960695672433e-01 7.347225273102397924e-02 7.481003771923362689e-02 2.558866144925702954e-02 -3.879356924829649098e-03
2.320000000000000284e+01 1.587017713380129424e-01 7.311550231560298707e-02 7.534565643121485246e-02 2.709436000931957772e-02 -2.510260223419530975e-03
2.330000000000000071e+01 1.566804048020499496e-01 7.273188459358780056e-02 7.583818300053118966e-02 2.858265855916224119e-02 -1.123452309367166261e-03
2.340000000000000213e+01 1.546462938813744636e-01 7.232160176990350131e-02 7.628708501893385896e-02 3.005161685623864223e-02 2.788604495325998616e-04
2.350000000000000000e+01 1.525995358685272862e-01 7.188485991453624768e-02 7.669184916969125354e-02 3.149929354275578935e-02 1.694423155107414132e-03
2.360000000000000142e+01 1.505402277489241158e-01 7.142186831379968015e-02 7.705198053760066446e-02 3.292374954959173539e-02 3.120937407661030644e-03
2.370000000000000284e+01 1.484684661028398689e-01 7.093283890978288597e-02 7.736700174281016529e-02 3.432305094350436570e-02 4.556064993906164262e-03
2.380000000000000071e+01 1.463843470683834636e-01 7.041798587585575142e-02 7.763645203985254650e-02 3.569527087791011383e-02 5.997430495376604095e-03
2.390000000000000213e+01 1.442879663410122915e-01 6.987752536958240224e-02 7.785988661695378288e-02 3.703849048481801243e-02 7.442622679526402461e-03
2.400000000000000000e+01 1.421794191903801574e-01 6.931167547884528601e-02 7.803687630703812217e-02 3.835079879182197449e-02 8.889194291969311143e-03
2.410000000000000142e+01 1.400588004865044867e-01 6.872065633939908325e-02 7.816700777578866610e-02 3.963029195622674167e-02 1.033466001236539762e-02
2.420000000000000284e+01 1.379262047376905720e-01 6.810469036436417323e-02 7.824988404812001364e-02 4.087507220150522064e-02 1.177649286511614317e-02
2.430000000000000071e+01 1.357817261446488122e-01 6.746400250029858936e-02 7.828512507529408748e-02 4.208324680628700715e-02 1.321212003809742186e-02
2.440000000000000213e+01 1.336254586666867639e-01 6.679882041890776445e-02 7.827236801500868368e-02 4.325292737944093358e-02 1.463891948836666332e-02
2.450000000000000000e+01 1.314574960820776572e-01 6.610937457032929621e-02 7.821126701414664317e-02 4.438222952899509993e-02 1.605421862339200326e-02
2.460000000000000142e+01 1.292779320159669620e-01 6.539589805874974904e-02 7.810149249125122872e-02 4.546927295150372111e-02 1.745529571730984608e-02
2.470000000000000284e+01 1.270868599130111909e-01 6.465862634434334233e-02 7.794273011515501226e-02 4.651218193972653930e-02 1.883938381489934366e-02
2.480000000000000071e+01 1.248843729488878229e-01 6.389779681656002075e-02 7.773467978273423951e-02 4.750908629545935041e-02 2.020367609826774491e-02
2.490000000000000213e+01 1.226705638976244850e-01 6.311364831412760723e-02 7.747705488108051763e-02 4.845812259614479950e-02 2.154533137470471954e-02
2.500000000000000000e+01 1.204455249906839776e-01 6.230642068203028072e-02 7.716958200526911893e-02 4.935743567877970417e-02 2.286147856992180871e-02
2.510000000000000142e+01 1.182093478116239549e-01 6.147635445339987015e-02 7.681200115405065199e-02 5.020518009410056964e-02 2.414921968183068174e-02
2.520000000000000284e+01 1.159621232659587414e-01 6.062369072520688157e-02 7.640406630188276149e-02 5.099952119796596212e-02 2.540563122069763868e-02
2.530000000000000071e+01 1.137039416529207619e-01 5.974867126322114946e-02 7.594554617910555250e-02 5.173863553577361801e-02 2.662776444529879258e-02
2.540000000000000213e+01 1.114348928487799567e-01 5.885153882891860921e-02 7.543622508311499664e-02 5.242071026650028248e-02 2.781264463578996329e-02
2.550000000000000000e+01 1.091550665924363311e-01 5.793253767612738248e-02 7.487590357202941749e-02 5.304394156183610959e-02 2.895726940966594776e-02
2.560000000000000142e+01 1.068645528433353753e-01 5.699191412645322058e-02 7.426439893462402630e-02 5.360653217593108061e-02 3.005860601728654186e-02
2.570000000000000284e+01 1.045634421591348090e-01 5.602991710641035822e-02 7.360154536961863170e-02 5.410668867228950185e-02 3.111358792744455329e-02
2.580000000000000071e+01 1.022518260177757987e-01 5.504679851899198922e-02 7.288719383720365652e-02 5.454261906407290028e-02 3.211911187620760527e-02
2.590000000000000213e+01 9.992979699113511971e-02 5.404281332915251979e-02 7.212121156670001088e-02 5.491253180143810392e-02 3.307203762582110185e-02
2.600000000000000000e+01 9.759744867439346105e-02 5.301821926765667298e-02 7.130348122092351748e-02 5.521463703495509828e-02 3.396919342556838778e-02
2.610000000000000142e+01 9.525487529772777573e-02 5.197327610410829024e-02 7.043389973671007609e-02 5.544715081431227793e-02 3.480738999425449925e-02
2.620000000000000284e+01 9.290217100167652564e-02 5.090824450949957974e-02 6.951237688920663960e-02 5.560830232108155552e-02 3.558344441142345660e-02
2.630000000000000071e+01 9.053942884014573589e-02 4.982338461570728905e-02 6.853883366935753507e-02 5.569634346865433294e-02 3.629421276375439237e-02
2.640000000000000213e+01 8.816673966480267910e-02 4.871895446573586835e-02 6.751320061597529398e-02 5.570955943992176446e-02 3.693662745154776411e-02
2.650000000000000000e+01 8.578419110933263592e-02 4.759520860587321267e-02 6.643541629159996353e-02 5.564627824747996748e-02 3.750773277010113760e-02
2.660000000000000142e+01 8.339186690013886127e-02 4.645239707147891944e-02 6.530542611271271392e-02 5.550487741631126432e-02 3.800471171623405475e-02
2.670000000000000284e+01 8.098984665763453439e-02 4.529076494962124000e-02 6.412318171952773038e-02 5.528378646367141519e-02 3.842489837751706522e-02
2.680000000000000071e+01 7.857820623279390682e-02 4.411055257719262435e-02 6.288864099215091263e-02 5.498148482896720451e-02 3.876577341445149733e-02
2.690000000000000213e+01 7.615701848588671274e-02 4.291199628916899517e-02 6.160176870296235618e-02 5.459649596923545067e-02 3.902494404454897453e-02
2.700000000000000000e+01 7.372635430676946489e-02 4.169532951487459754e-02 6.026253767180891896e-02 5.412737913537706003e-02 3.920011331588609677e-02
2.710000000000000142e+01 7.128628363564476489e-02 4.046078396732805810e-02 5.887093019784388898e-02 5.357272064699422631e-02 3.928904529546728419e-02
2.720000000000000284e+01 6.883687628007019443e-02 3.920859069434612376e-02 5.742693950632529742e-02 5.293112625398289223e-02 3.928953268997679299e-02
2.730000000000000071e+01 6.637820241858177761e-02 3.793898084423342337e-02 5.593057097724839916e-02 5.220121556241566485e-02 3.919937165034505233e-02
2.740000000000000213e+01 6.391033279651435473e-02 3.665218610941069904e-02 5.438184300372501251e-02 5.138161876365667652e-02 3.901634585730025945e-02
2.750000000000000000e+01 6.143333871926998091e-02 3.534843891208554190e-02 5.278078744031554359e-02 5.047097528738666433e-02 3.873821935055547089e-02
2.760000000000000142e+01 5.894729201737649443e-02 3.402797246637106338e-02 5.112744972850265940e-02 4.946793367313652434e-02 3.836273569059411165e-02
2.770000000000000284e+01 5.645226521836271827e-02 3.269102089891683105e-02 4.942188893328952615e-02 4.837115200556571515e-02 3.788762035259240352e-02
2.780000000000000071e+01 5.394833228911274231e-02 3.133781968251299344e-02 4.766417814350453613e-02 4.717929872942840802e-02 3.731058386334253074e-02
2.790000000000000213e+01 5.143557066494554991e-02 2.996860683584329915e-02 4.585440611762752611e-02 4.589105463506501503e-02 3.662932502638621690e-02
2.800000000000000000e+01 4.891406613088821603e-02 2.858362584470486648e-02 4.399268197658460361e-02 4.450511850373178174e-02 3.584153651450756178e-02
2.810000000000000142e+01 4.638392389439315033e-02 2.718313234028935793e-02 4.207914662597513761e-02 4.302022176080825405e-02 3.494491911841093174e-02
2.820000000000000284e+01 4.384529246201016028e-02 2.576740859399572620e-02 4.011399808609211054e-02 4.143516217377856553e-02 3.393721620698776642e-02
2.830000000000000071e+01 4.129841228930267172e-02 2.433679322449992799e-02 3.809754369659672235e-02 3.974887389995245685e-02 3.281628684248618505e-02
2.840000000000000213e+01 3.874370882817858297e-02 2.289173829745387231e-02 3.603030052409636474e-02 3.796056139087475995e-02 3.158024474043664986e-02
2.850000000000000000e+01 3.618195871749962239e-02 2.143291171501106318e-02 3.391317537656882847e-02 3.606993686305257074e-02 3.022770022803766832e-02
2.860000000000000142e+01 3.361456571954134220e-02 1.996136774448774298e-02 3.174776469073797847e-02 3.407761184286579870e-02 2.875815087976804976e-02
2.870000000000000284e+01 3.104398436104123180e-02 1.847880947289905901e-02 2.953681654980184340e-02 3.198569589364597815e-02 2.717256789930571487e-02
2.880000000000000071e+01 2.847431675503747650e-02 1.698795934154677389e-02 2.728488423623070397e-02 2.979864022489321640e-02 2.547421091956159067e-02
2.890000000000000213e+01 2.591207450986804731e-02 1.549303320520472108e-02 2.499916507422240627e-02 2.752432041520514600e-02 2.366966443471904546e-02
2.900000000000000000e+01 2.336704001232433811e-02 1.400027770776211475e-02 2.269045643545641866e-02 2.517527620843572692e-02 2.177001972892723611e-02
2.910000000000000142e+01 2.085308614164243721e-02 1.251848410987395008e-02 2.037407928082083861e-02 2.276992479893677479e-02 1.979203313355119148e-02
2.920000000000000284e+01 1.838873986288380377e-02 1.105934589853065086e-02 1.807053888148106927e-02 2.033346190800509184e-02 1.775899683985917091e-02
2.930000000000000071e+01 1.599723348903863557e-02 9.637501293033354233e-03 1.580564490136909112e-02 1.789810239301062311e-02 1.570099909719233772e-02
2.940000000000000213e+01 1.370581018647877743e-02 8.270115270563455079e-03 1.360983400982569876e-02 1.550233325255291617e-02 1.365426757346023187e-02
2.950000000000000000e+01 1.154415744252109202e-02 6.975921394040992055e-03 1.151654973971522750e-02 1.318898535171861286e-02 1.165941038710376597e-02
2.960000000000000142e+01 9.542026288494711087e-03 5.773757119779605526e-03 9.559729524964106356e-03 1.100216916038552172e-02 9.758588749573186838e-03
2.970000000000000284e+01 7.726313880181670882e-03 4.680762117138127960e-03 7.770684662159554543e-03 8.983412491639832659e-03 7.991926414659854955e-03
2.980000000000000071e+01 6.118075931623459529e-03 3.710526379298931254e-03 6.174864557951018247e-03 7.167597767668567113e-03 6.393704217831105638e-03
2.990000000000000213e+01 4.730024183920297602e-03 2.871530707576700966e-03 4.789097616911356173e-03 5.579430069859177277e-03 4.989016677584240216e-03
3.000000000000000000e+01 3.565009365579184172e-03 2.166189635106048270e-03 3.619850078392552843e-03 4.231114626466534259e-03 3.791524660846184308e-03
3.010000000000000142e+01 2.615796025438765337e-03 1.590688217711203273e-03 2.662843542808921316e-03 3.121683907750661194e-03 2.802722298740428775e-03
3.020000000000000284e+01 1.866155789945594164e-03 1.135632131398898190e-03 1.904077281074901748e-03 2.238056116978776044e-03 2.012807340262059985e-03
3.030000000000000071e+01 1.293024062820083810e-03 7.873568487181611952e-04 1.322001297569524959e-03 1.557536530477698000e-03 1.402901128766604168e-03
3.040000000000000213e+01 8.692643399012365147e-04 5.296171475828201185e-04 8.903683936515008248e-04 1.051199404137379868e-03 9.481080163102415925e-04
3.050000000000000000e+01 5.665145734391936489e-04 3.453341152040056072e-04 5.812129558984656386e-04 6.874801808811946500e-04 6.207992435137611341e-04
3.060000000000000142e+01 3.576546231385472740e-04 2.181154311971178689e-04 3.674659957582479715e-04 4.353741962260462991e-04 3.935625047388736052e-04
3.070000000000000284e+01 2.185938080242239186e-04 1.333623113857835467e-04 2.248802815856999087e-04 2.668322534142269359e-04 2.414336298926038327e-04
3.080000000000000071e+01 1.292720817558612142e-04 7.889575738109089057e-05 1.331426243981981782e-04 1.581885427366552300e-04 1.432508410567629570e-04
3.090000000000000213e+01 7.393936812842548682e-05 4.513998092246658794e-05 7.623113822194378761e-05 9.067732510274469169e-05 8.217565102922449940e-05
3.100000000000000000e+01 4.088815619174001470e-05 2.496921483966075503e-05 4.219393632725930508e-05 5.024226159479696258e-05 4.556172861668316169e-05
3.110000000000000142e+01 2.185487690466539842e-05 1.334947366072625240e-05 2.257115149910079557e-05 2.690149511716435470e-05 2.440969694126095483e-05
3.120000000000000284e+01 1.128845303165667921e-05 6.896787322559514540e-06 1.166687221703157608e-05 1.391672333202027757e-05 1.263426459446163083e-05
3.130000000000000071e+01 5.633607039515584255e-06 3.442588571312460735e-06 5.826226124393162745e-06 6.954900993429265077e-06 6.316931889906196064e-06
3.140000000000000213e+01 2.716171772692903468e-06 1.660094068785556643e-06 2.810662547533651745e-06 3.357368090346317791e-06 3.050665309659092976e-06
3.150000000000000000e+01 1.265080068869832194e-06 7.733251653717406195e-07 1.309765218968369119e-06 1.565452041730304049e-06 1.422971897684614157e-06
3.160000000000000142e+01 5.691898148926734022e-07 3.479866665126826366e-07 5.895664654130795911e-07 7.050306224093172771e-07 6.410741576801821217e-07
3.170000000000000284e+01 2.473872911225842100e-07 1.512647477056790372e-07 2.563492944829875792e-07 3.066987950146017195e-07 2.789592778498047325e-07
3.180000000000000071e+01 1.038710270098330164e-07 6.351902891565005088e-08 1.076736551714653372e-07 1.288761747432362772e-07 1.172509173309601103e-07
3.190000000000000213e+01 4.213422785620427742e-08 2.576845643182310336e-08 4.369116409108492361e-08 5.231435681833690909e-08 4.760661456856657123e-08
3.200000000000000000e+01 1.651337331135784353e-08 1.010016630800797143e-08 1.712864462253055354e-08 2.051621799804820767e-08 1.867393153280502554e-08
3.210000000000000142e+01 6.253768766400672980e-09 3.825338078965511459e-09 6.488500358725297751e-09 7.774105942283675952e-09 7.077361607845631656e-09
3.220000000000000284e+01 2.288788591197273252e-09 1.400120198862015766e-09 2.375262587101486842e-09 2.846662528604400796e-09 2.591975268579759632e-09
3.230000000000000426e+01 8.096297939210322697e-10 4.953070476474372396e-10 8.403984710737675182e-10 1.007431938418866658e-09 9.174383799760304860e-10
3.239999999999999858e+01 2.768528614067250137e-10 1.693801536070554619e-10 2.874293607077429200e-10 3.446329951405014675e-10 3.138900595083337671e-10
3.250000000000000000e+01 9.152991185152275424e-11 5.600147072467635477e-11 9.504297354481518800e-11 1.139806972426348069e-10 1.038258409593965100e-10
3.260000000000000142e+01 2.926190879843849725e-11 1.790439292601662383e-11 3.038973353808652560e-11 3.645147260918030031e-11 3.320758024397771629e-11
3.270000000000000284e+01 9.047856295491048645e-12 5.536319195419035724e-12 9.397891048887823612e-12 1.127425140088599965e-11 1.027195262497540346e-11
3.280000000000000426e+01 2.706283434371884461e-12 1.656019028083362876e-12 2.811333537408022928e-12 3.373120412205761502e-12 3.073519144481835652e-12
3.289999999999999858e+01 7.831938740884382139e-13 4.792656155924779584e-13 8.136868554721072573e-13 9.764110696567837083e-13 8.897574951848145502e-13
3.300000000000000000e+01 2.193409592475586507e-13 1.342270910473551555e-13 2.279039148264862210e-13 2.735127059580295381e-13 2.492572800769507940e-13
3.310000000000000142e+01 5.945818456099699880e-14 3.638682742620359282e-14 6.178503922679572863e-14 7.415737568844927027e-14 6.758540877483765843e-14
3.320000000000000284e+01 1.560375706767788842e-14 9.549323954958630958e-15 1.621573175593917539e-14 1.946472945926253531e-14 1.774076708913818945e-14
3.330000000000000426e+01 3.964961907276873546e-15 2.426566966049981023e-15 4.120771469245445704e-15 4.946831152646904981e-15 4.508935326191706444e-15
3.339999999999999858e+01 9.755026209506607110e-16 5.970222773430645739e-16 1.013904103686091241e-15 1.217246419344170687e-15 1.109547837113275978e-15
3.350000000000000000e+01 2.321844645126392112e-16 1.421029805058893125e-16 2.413390384520516424e-16 2.897603112006305622e-16 2.641343768336199220e-16
3.360000000000000142e+01 5.322203992135427912e-17 3.257381388508994845e-17 5.532342701599962155e-17 6.642733718688330835e-17 6.055490801669550808e-17
3.370000000000000284e+01 1.149077817782447876e-17 7.032871245139237405e-18 1.194502549033103499e-17 1.434325778449397846e-17 1.307568975606127177e-17
3.380000000000000426e+01 2.063612045178197950e-18 1.263037521950923407e-18 2.145270109922471285e-18 2.576091722931405047e-18 2.348495444717011161e-18
3.389999999999999858e+01 0.000000000000000000e+00 0.000000000000000000e+00 0.000000000000000000e+00 0.000000000000000000e+00 0.000000000000000000e+00
