3.214344719256434502e-02 0.000000000000000000e+00
3.220417343313978359e-02 0.000000000000000000e+00
3.226489967371522216e-02 0.000000000000000000e+00
3.232562591429066767e-02 0.000000000000000000e+00
3.238635215486610625e-02 0.000000000000000000e+00
3.244707839544154482e-02 0.000000000000000000e+00
3.250780463601698339e-02 0.000000000000000000e+00
3.256853087659242196e-02 0.000000000000000000e+00
3.262925711716786054e-02 0.000000000000000000e+00
3.268998335774330605e-02 0.000000000000000000e+00
3.275070959831874462e-02 0.000000000000000000e+00
3.281143583889418319e-02 0.000000000000000000e+00
3.287216207946962176e-02 0.000000000000000000e+00
3.293288832004506034e-02 0.000000000000000000e+00
3.299361456062049891e-02 0.000000000000000000e+00
3.305434080119594442e-02 0.000000000000000000e+00
3.311506704177138299e-02 0.000000000000000000e+00
3.317579328234682157e-02 0.000000000000000000e+00
3.323651952292226014e-02 0.000000000000000000e+00
3.329724576349769871e-02 0.000000000000000000e+00
3.335797200407314422e-02 2.990474174400072207e-08
3.341869824464858280e-02 3.336058750832781877e-08
3.347942448522402137e-02 3.718262358851242199e-08
3.354015072579945994e-02 1.049799826798531994e-07
3.360087696637489851e-02 1.169537832792968687e-07
3.366160320695033709e-02 1.301757076362025123e-07
3.372232944752578260e-02 2.077094144881481218e-07
3.378305568810122117e-02 2.309947368125980471e-07
3.384378192867665974e-02 2.566558960855043352e-07
3.390450816925209832e-02 2.849061329373091093e-07
3.396523440982753689e-02 3.159743781986496499e-07
3.402596065040298240e-02 3.501060165719908179e-07
3.408668689097842097e-02 3.875636430050888589e-07
3.414741313155385954e-02 4.723338574773662858e-07
3.420813937212929812e-02 5.694378568979444983e-07
3.426886561270473669e-02 6.293532826572525698e-07
3.432959185328017526e-02 6.949187178620594536e-07
3.439031809385562077e-02 7.665896758570820632e-07
3.445104433443105935e-02 8.448497395772839275e-07
3.451177057500649792e-02 9.302113564965275489e-07
3.457249681558193649e-02 1.023216548915833514e-06
3.463322305615737506e-02 1.124437524874270715e-06
3.469394929673282058e-02 1.234477174142987625e-06
3.475467553730825915e-02 1.353969433000378466e-06
3.481540177788369772e-02 1.550744143566742726e-06
3.487612801845913629e-02 1.698460079142945120e-06
3.493685425903457487e-02 1.931325775844432606e-06
3.499758049961001344e-02 2.425086603625764309e-06
3.505830674018545895e-02 2.738311463847294125e-06
3.511903298076089752e-02 3.083376276169754624e-06
3.517975922133633609e-02 3.371267336976634821e-06
3.524048546191177467e-02 3.776983357428768592e-06
3.530121170248721324e-02 4.221705791572579132e-06
3.536193794306265181e-02 4.811734024390655612e-06
3.542266418363809732e-02 5.247971092394765786e-06
3.548339042421353590e-02 6.054222845108920981e-06
3.554411666478897447e-02 7.191010031904235539e-06
3.560484290536441304e-02 8.089466428765578859e-06
3.566556914593985161e-02 9.610759639921782945e-06
3.572629538651529713e-02 1.075565795915012289e-05
3.578702162709073570e-02 1.230448481467800484e-05
3.584774786766617427e-02 1.340238654778224870e-05
3.590847410824161284e-02 1.458482697125110567e-05
3.596920034881705142e-02 1.667956999870989424e-05
3.602992658939248999e-02 1.813314993132467031e-05
3.609065282996793550e-02 1.987244783525027672e-05
3.615137907054337407e-02 2.305097691665209737e-05
3.621210531111881264e-02 2.521816317005633895e-05
3.627283155169425122e-02 2.755643743177844707e-05
3.633355779226968979e-02 3.049266382866496232e-05
3.639428403284512836e-02 3.303426008759531633e-05
3.645501027342057387e-02 3.575515806374494633e-05
3.651573651399601245e-02 3.866487196822546971e-05
3.657646275457145102e-02 4.200797934189156517e-05
3.663718899514688959e-02 4.607675298566195191e-05
3.669791523572232816e-02 5.147592636127783168e-05
3.675864147629777368e-02 5.552656689255596552e-05
3.681936771687321225e-02 6.037936203748144780e-05
3.688009395744865082e-02 6.530224868048918445e-05
3.694082019802408939e-02 7.170064079122130804e-05
3.700154643859952797e-02 7.889813832197209713e-05
3.706227267917497348e-02 8.513368134027190766e-05
3.712299891975041205e-02 9.303506629294317355e-05
3.718372516032585062e-02 1.002207472313807065e-04
3.724445140090128920e-02 1.091982804077197696e-04
3.730517764147672777e-02 1.191682794747593696e-04
3.736590388205216634e-02 1.323788063164744707e-04
3.742663012262760491e-02 1.433616317912166994e-04
3.748735636320305042e-02 1.554632498812593192e-04
3.754808260377848900e-02 1.668176288937037817e-04
3.760880884435392757e-02 1.784376993316291857e-04
3.766953508492936614e-02 1.923545224856415255e-04
3.773026132550480471e-02 2.067170391497602630e-04
3.779098756608025023e-02 2.206308333347762999e-04
3.785171380665568880e-02 2.379563930678012587e-04
3.791244004723112737e-02 2.549883537349996172e-04
3.797316628780656594e-02 2.739243568397066431e-04
3.803389252838200452e-02 2.930088506166688821e-04
3.809461876895745003e-02 3.185858514963426464e-04
3.815534500953288860e-02 3.423408911258385445e-04
3.821607125010832717e-02 3.685413830810831386e-04
3.827679749068376575e-02 3.925753135885917135e-04
3.833752373125920432e-02 4.205624203424285375e-04
3.839824997183464289e-02 4.503011324564290823e-04
3.845897621241008840e-02 4.782299703943265171e-04
3.851970245298552697e-02 5.127553053304400145e-04
3.858042869356096555e-02 5.438058389901071670e-04
3.864115493413640412e-02 5.793335195593762258e-04
3.870188117471184269e-02 6.141250950098878485e-04
3.876260741528728127e-02 6.594625529621948954e-04
3.882333365586272678e-02 7.047682644835622607e-04
3.888405989643816535e-02 7.471036550363301283e-04
3.894478613701360392e-02 7.885993969817802016e-04
3.900551237758904249e-02 8.359379188018530981e-04
3.906623861816448107e-02 8.853983263839346586e-04
3.912696485873992658e-02 9.334000703476243469e-04
3.918769109931536515e-02 9.862003764690889865e-04
3.924841733989080372e-02 1.041925206859171471e-03
3.930914358046624230e-02 1.110701464092770036e-03
3.936986982104168087e-02 1.183743658233262072e-03
3.943059606161712638e-02 1.246069952674522209e-03
3.949132230219256495e-02 1.327810104621918131e-03
3.955204854276800353e-02 1.405365785901775948e-03
3.961277478334344210e-02 1.490555910943521748e-03
3.967350102391888067e-02 1.577095619356903367e-03
3.973422726449431924e-02 1.662163078532830551e-03
3.979495350506975782e-02 1.746137352698435598e-03
3.985567974564520333e-02 1.838527666094596971e-03
3.991640598622064190e-02 1.934477394793270759e-03
3.997713222679608047e-02 2.051825122828742146e-03
4.003785846737151904e-02 2.159421366449807908e-03
4.009858470794695762e-02 2.276957639807954906e-03
4.015931094852240313e-02 2.390462323827400107e-03
4.022003718909784170e-02 2.515997987171884453e-03
4.028076342967328027e-02 2.642390726498848163e-03
4.034148967024871885e-02 2.780591435687315011e-03
4.040221591082415742e-02 2.909628350483972180e-03
4.046294215139960293e-02 3.055475238093044183e-03
4.052366839197504150e-02 3.201365193942245363e-03
4.058439463255048008e-02 3.355509232897441359e-03
4.064512087312591865e-02 3.518337134315699041e-03
4.070584711370135722e-02 3.669169375047660366e-03
4.076657335427680273e-02 3.837790382580623643e-03
4.082729959485223437e-02 4.001685254034063367e-03
4.088802583542767988e-02 4.184094152114221574e-03
4.094875207600311845e-02 4.385295452157798174e-03
4.100947831657855702e-02 4.588987955467664290e-03
4.107020455715399559e-02 4.798442469756916511e-03
4.113093079772943417e-02 4.999165674513483988e-03
4.119165703830487968e-02 5.220297909098490542e-03
4.125238327888031825e-02 5.431200615485436665e-03
4.131310951945575682e-02 5.661529088351963980e-03
4.137383576003119540e-02 5.915187781922886384e-03
4.143456200060663397e-02 6.161972946742889749e-03
4.149528824118207948e-02 6.427662327458622503e-03
4.155601448175751805e-02 6.739591138982941113e-03
4.161674072233295663e-02 7.010651451470038993e-03
4.167746696290839520e-02 7.294712071585635060e-03
4.173819320348383377e-02 7.616580701043687909e-03
4.179891944405927928e-02 7.931674672674448798e-03
4.185964568463471092e-02 8.260528698912261020e-03
4.192037192521015643e-02 8.625895979081513523e-03
4.198109816578559500e-02 8.995524857057514770e-03
4.204182440636103357e-02 9.363314206197181910e-03
4.210255064693647215e-02 9.729674161798609888e-03
4.216327688751191072e-02 1.010373354018831438e-02
4.222400312808735623e-02 1.047816119973368938e-02
4.228472936866279480e-02 1.088291299876113956e-02
4.234545560923823337e-02 1.129489658770876752e-02
4.240618184981367195e-02 1.170946436961457608e-02
4.246690809038911052e-02 1.211701463965503094e-02
4.252763433096455603e-02 1.258254223589992497e-02
4.258836057153999460e-02 1.304496268569681205e-02
4.264908681211543318e-02 1.357061763623286336e-02
4.270981305269087175e-02 1.407913028631246899e-02
4.277053929326631032e-02 1.465221792493021785e-02
4.283126553384175583e-02 1.517187032290778781e-02
4.289199177441719441e-02 1.574165875340692924e-02
4.295271801499263298e-02 1.631066910120753874e-02
4.301344425556807155e-02 1.691479197436484769e-02
4.307417049614351012e-02 1.751219060033010200e-02
4.313489673671894870e-02 1.811584461084448858e-02
4.319562297729438727e-02 1.873342068621067572e-02
4.325634921786983278e-02 1.941977539547308507e-02
4.331707545844527135e-02 2.009785938246796966e-02
4.337780169902070992e-02 2.082800259272965179e-02
4.343852793959614850e-02 2.155579740754694912e-02
4.349925418017158707e-02 2.230875404309191554e-02
4.355998042074703258e-02 2.309978588374396111e-02
4.362070666132247115e-02 2.388919448235113721e-02
4.368143290189790973e-02 2.474006173145775617e-02
4.374215914247334830e-02 2.559291816612508860e-02
4.380288538304878687e-02 2.649782642129089663e-02
4.386361162362423238e-02 2.737734990916146013e-02
4.392433786419967096e-02 2.832302673219649208e-02
4.398506410477510953e-02 2.928282896203526081e-02
4.404579034535054810e-02 3.030192829872988339e-02
4.410651658592598667e-02 3.130649180708653528e-02
4.416724282650143218e-02 3.233046219659280879e-02
4.422796906707686382e-02 3.337185152579910663e-02
4.428869530765230933e-02 3.442469680213026267e-02
4.434942154822774790e-02 3.554297056477646183e-02
4.441014778880318647e-02 3.671141570273763616e-02
4.447087402937862505e-02 3.791511610854627484e-02
4.453160026995406362e-02 3.908355646803783612e-02
4.459232651052950913e-02 4.034380958449933913e-02
4.465305275110494770e-02 4.168022186904676851e-02
4.471377899168038628e-02 4.303796605441066042e-02
4.477450523225582485e-02 4.435883468806429281e-02
4.483523147283126342e-02 4.573930183317986842e-02
4.489595771340670893e-02 4.721847103615620100e-02
4.495668395398214751e-02 4.864205859086064704e-02
4.501741019455758608e-02 5.019071383775116496e-02
4.507813643513302465e-02 5.173274614404788779e-02
4.513886267570846322e-02 5.331459016671470652e-02
4.519958891628390873e-02 5.500172968098020893e-02
4.526031515685934037e-02 5.668689471749547432e-02
4.532104139743478588e-02 5.841565744526929643e-02
4.538176763801022445e-02 6.021016853769547983e-02
4.544249387858566303e-02 6.202577348367033228e-02
4.550322011916110160e-02 6.385031174617122884e-02
4.556394635973654017e-02 6.579040892953146036e-02
4.562467260031198568e-02 6.769694734638154188e-02
4.568539884088742425e-02 6.967862630361999765e-02
4.574612508146286283e-02 7.168738864666489297e-02
4.580685132203830140e-02 7.354266598981198944e-02
4.586757756261373997e-02 7.564680350112042151e-02
4.592830380318918548e-02 7.790872456594384599e-02
4.598903004376462406e-02 8.001588925326415247e-02
4.604975628434006263e-02 8.223110457413504437e-02
4.611048252491550120e-02 8.455569194619602658e-02
4.617120876549093977e-02 8.688240632122137819e-02
4.623193500606638529e-02 8.935224130835185685e-02
4.629266124664182386e-02 9.186870341390961092e-02
4.635338748721726243e-02 9.437451105750868652e-02
4.641411372779270100e-02 9.698458462574174876e-02
4.647483996836813958e-02 9.964825037072429226e-02
4.653556620894357815e-02 1.023731860840605551e-01
4.659629244951901672e-02 1.051251243581935169e-01
4.665701869009446223e-02 1.080198675412975123e-01
4.671774493066990080e-02 1.109625778918303385e-01
4.677847117124533938e-02 1.140073768055120673e-01
4.683919741182077795e-02 1.170978664088405258e-01
4.689992365239621652e-02 1.201975712367026189e-01
4.696064989297166203e-02 1.233254738501044362e-01
4.702137613354710061e-02 1.264637317396863914e-01
4.708210237412253918e-02 1.297252676764351353e-01
4.714282861469797775e-02 1.330349033866922437e-01
4.720355485527341632e-02 1.363629000537884550e-01
4.726428109584886184e-02 1.397853186392819524e-01
4.732500733642430041e-02 1.432300859768189938e-01
4.738573357699973898e-02 1.467737992223439314e-01
4.744645981757517755e-02 1.501569262403868732e-01
4.750718605815061613e-02 1.538455653049320970e-01
4.756791229872606164e-02 1.575134650990016039e-01
4.762863853930149327e-02 1.613340768106543699e-01
4.768936477987693878e-02 1.651830920214332199e-01
4.775009102045237736e-02 1.690243427696749012e-01
4.781081726102781593e-02 1.729595777532064727e-01
4.787154350160326144e-02 1.769667711379655506e-01
4.793226974217869307e-02 1.809151482130172961e-01
4.799299598275413858e-02 1.849458579927720503e-01
4.805372222332957716e-02 1.892346819894642207e-01
4.811444846390501573e-02 1.932445992039026894e-01
4.817517470448045430e-02 1.974602529466938372e-01
4.823590094505589287e-02 2.016583806697299364e-01
4.829662718563133839e-02 2.061886746841992968e-01
4.835735342620677002e-02 2.107450626816577410e-01
4.841807966678221553e-02 2.151914507242485286e-01
4.847880590735765410e-02 2.198751491599189312e-01
4.853953214793309268e-02 2.245476844621263901e-01
4.860025838850853819e-02 2.290379589038675778e-01
4.866098462908396982e-02 2.339096897207125214e-01
4.872171086965941533e-02 2.387143667108163059e-01
4.878243711023485391e-02 2.435316733130389044e-01
4.884316335081029248e-02 2.485709463658046792e-01
4.890388959138573799e-02 2.536488288293262672e-01
4.896461583196116962e-02 2.587163600037554190e-01
4.902534207253661513e-02 2.636544568815508693e-01
4.908606831311205371e-02 2.687540309227332003e-01
4.914679455368749228e-02 2.736375704575568779e-01
4.920752079426293085e-02 2.788582147296481684e-01
4.926824703483836942e-02 2.841457316358164120e-01
4.932897327541381494e-02 2.895353889473941678e-01
4.938969951598925351e-02 2.947961350243168965e-01
4.945042575656469208e-02 3.001241672070872890e-01
4.951115199714013065e-02 3.057150018634635646e-01
4.957187823771556923e-02 3.110343768523812780e-01
4.963260447829101474e-02 3.166944081686429713e-01
4.969333071886644637e-02 3.220970338107061459e-01
4.975405695944189188e-02 3.276505658304948998e-01
4.981478320001733046e-02 3.329929186095706428e-01
4.987550944059276903e-02 3.385617187702830710e-01
4.993623568116821454e-02 3.442906797260087415e-01
4.999696192174364617e-02 3.501285413790679590e-01
5.005768816231909168e-02 3.561243805095847814e-01
5.011841440289453026e-02 3.619244502413624942e-01
5.017914064346996883e-02 3.678051681612887758e-01
5.023986688404541434e-02 3.738230928381435225e-01
5.030059312462084598e-02 3.797061266967096116e-01
5.036131936519629149e-02 3.856559597503551040e-01
5.042204560577173006e-02 3.915428151396805334e-01
5.048277184634716863e-02 3.975443357320344040e-01
5.054349808692260720e-02 4.034260120485171353e-01
5.060422432749804578e-02 4.093608159761774612e-01
5.066495056807349129e-02 4.154430571347873524e-01
5.072567680864892292e-02 4.215929123300213854e-01
5.078640304922436843e-02 4.277898488126861132e-01
5.084712928979980701e-02 4.338354809171593440e-01
5.090785553037524558e-02 4.400521405303673417e-01
5.096858177095069109e-02 4.462525450616994238e-01
5.102930801152612272e-02 4.525689811964409004e-01
5.109003425210156824e-02 4.587891275409253788e-01
5.115076049267700681e-02 4.651509955445284339e-01
5.121148673325244538e-02 4.712720121789636951e-01
5.127221297382789089e-02 4.773950542702678490e-01
5.133293921440332253e-02 4.837878796500009182e-01
5.139366545497876804e-02 4.901763899196554530e-01
5.145439169555420661e-02 4.966023724446176346e-01
5.151511793612964518e-02 5.029740079187173807e-01
5.157584417670508375e-02 5.094857139476260954e-01
5.163657041728052233e-02 5.161463121431030254e-01
5.169729665785596784e-02 5.226283131692711637e-01
5.175802289843139947e-02 5.288274404359633030e-01
5.181874913900684498e-02 5.349017392055118725e-01
5.187947537958228356e-02 5.414760194633632118e-01
5.194020162015772213e-02 5.478497117185968657e-01
5.200092786073316764e-02 5.541374144836367366e-01
5.206165410130859927e-02 5.604992115333754521e-01
5.212238034188404479e-02 5.670069719862631530e-01
5.218310658245948336e-02 5.736111479172788519e-01
5.224383282303492193e-02 5.803677702898187851e-01
5.230455906361036744e-02 5.868863235292400837e-01
5.236528530418579908e-02 5.934944751107111838e-01
5.242601154476124459e-02 5.997640237433370380e-01
5.248673778533668316e-02 6.063752230752630368e-01
5.254746402591212173e-02 6.128888907391214502e-01
5.260819026648756030e-02 6.195648336747301421e-01
5.266891650706299888e-02 6.261472037829836079e-01
5.272964274763844439e-02 6.327655293034926132e-01
5.279036898821388296e-02 6.391877277882086483e-01
5.285109522878932153e-02 6.459809767992642504e-01
5.291182146936476011e-02 6.523430644312151472e-01
5.297254770994019868e-02 6.587348138890004590e-01
5.303327395051564419e-02 6.652101201245023132e-01
5.309400019109107582e-02 6.716415990827272475e-01
5.315472643166652134e-02 6.781550510508606022e-01
5.321545267224195991e-02 6.845011218282589516e-01
5.327617891281739848e-02 6.912240005433853973e-01
5.333690515339284399e-02 6.977018153103935472e-01
5.339763139396827563e-02 7.041835474965216779e-01
5.345835763454372114e-02 7.106086413855764450e-01
5.351908387511915971e-02 7.169653535070137362e-01
5.357981011569459828e-02 7.233388882995361868e-01
5.364053635627004379e-02 7.297215410210828868e-01
5.370126259684547543e-02 7.359866196337442323e-01
5.376198883742092094e-02 7.421848784417758305e-01
5.382271507799635951e-02 7.483606168093178690e-01
5.388344131857179808e-02 7.545699666365227598e-01
5.394416755914723666e-02 7.605759966192812138e-01
5.400489379972267523e-02 7.662791148709596767e-01
5.406562004029812074e-02 7.723771281716556025e-01
5.412634628087355237e-02 7.783528152225133168e-01
5.418707252144899789e-02 7.842223979605077444e-01
5.424779876202443646e-02 7.901193792853473674e-01
5.430852500259987503e-02 7.960294076952766362e-01
5.436925124317532054e-02 8.016571152149613022e-01
5.442997748375075218e-02 8.073293706181199347e-01
5.449070372432619769e-02 8.131659172853862305e-01
5.455142996490163626e-02 8.189063983695632487e-01
5.461215620547707483e-02 8.246680949916541659e-01
5.467288244605252034e-02 8.303228464089208449e-01
5.473360868662795198e-02 8.358150439376903496e-01
5.479433492720339749e-02 8.413336801045541158e-01
5.485506116777883606e-02 8.467366231020728717e-01
5.491578740835427463e-02 8.521764821963724312e-01
5.497651364892971321e-02 8.575069649283141304e-01
5.503723988950515178e-02 8.626744896698046450e-01
5.509796613008059729e-02 8.675591378731770664e-01
5.515869237065602892e-02 8.726946605381799005e-01
5.521941861123147444e-02 8.771710867358831765e-01
5.528014485180691301e-02 8.821950518296646226e-01
5.534087109238235158e-02 8.869507202712314520e-01
5.540159733295779709e-02 8.917951828481158749e-01
5.546232357353322873e-02 8.962968948321321516e-01
5.552304981410867424e-02 9.008783899138482765e-01
5.558377605468411281e-02 9.054872880514647226e-01
5.564450229525955138e-02 9.100945076545914336e-01
5.570522853583499689e-02 9.141242622417522501e-01
5.576595477641042853e-02 9.182081116963330958e-01
5.582668101698587404e-02 9.223092268295688401e-01
5.588740725756131261e-02 9.263670018611992463e-01
5.594813349813675118e-02 9.305478917552638674e-01
5.600885973871218976e-02 9.341764768856390955e-01
5.606958597928762833e-02 9.378311876206497644e-01
5.613031221986307384e-02 9.412439189582376686e-01
5.619103846043851241e-02 9.446939363630247888e-01
5.625176470101395099e-02 9.478403194958909816e-01
5.631249094158938956e-02 9.512163890050714388e-01
5.637321718216482813e-02 9.545786275129842791e-01
5.643394342274027364e-02 9.576964425402888503e-01
5.649466966331570528e-02 9.607578337648149391e-01
5.655539590389115079e-02 9.635815574616262147e-01
5.661612214446658936e-02 9.663583782830784674e-01
5.667684838504202793e-02 9.691367052739867649e-01
5.673757462561747344e-02 9.721956845421341198e-01
5.679830086619290508e-02 9.747333834276264986e-01
5.685902710676835059e-02 9.769842919179555496e-01
5.691975334734378916e-02 9.791071447852298659e-01
5.698047958791922774e-02 9.814430821158630636e-01
5.704120582849467325e-02 9.832646616184214095e-01
5.710193206907010488e-02 9.848542718973919419e-01
5.716265830964555039e-02 9.865738345595095327e-01
5.722338455022098896e-02 9.883606291985919112e-01
5.728411079079642754e-02 9.900646963128909572e-01
5.734483703137186611e-02 9.913498618611882307e-01
5.740556327194730468e-02 9.930414711839413711e-01
5.746628951252275019e-02 9.942201669445769330e-01
5.752701575309818183e-02 9.953770671349629895e-01
5.758774199367362734e-02 9.963743725168620058e-01
5.764846823424906591e-02 9.972051512899927639e-01
5.770919447482450448e-02 9.979627880279021701e-01
5.776992071539995000e-02 9.986621735140575051e-01
5.783064695597538163e-02 9.990206554625977731e-01
5.789137319655082714e-02 9.993557598270350617e-01
5.795209943712626571e-02 9.997625414524847764e-01
5.801282567770170429e-02 9.999522067410894222e-01
5.807355191827714980e-02 1.000000000000000000e+00
5.813427815885258143e-02 9.998959241920435392e-01
5.819500439942802694e-02 9.997994013293771687e-01
5.825573064000346551e-02 9.996734502516843035e-01
5.831645688057890409e-02 9.992880713994889419e-01
5.837718312115434266e-02 9.984523147157173817e-01
5.843790936172978123e-02 9.976366089986665742e-01
5.849863560230522674e-02 9.972120022849448873e-01
5.855936184288065838e-02 9.963143475816010897e-01
5.862008808345610389e-02 9.951600086942651302e-01
5.868081432403154246e-02 9.940643558790539513e-01
5.874154056460698103e-02 9.930226238188132326e-01
5.880226680518242655e-02 9.918400269211379294e-01
5.886299304575785818e-02 9.901366984426243079e-01
5.892371928633330369e-02 9.884207442985669667e-01
5.898444552690874226e-02 9.866028684266809901e-01
5.904517176748418084e-02 9.846917903115094406e-01
5.910589800805962635e-02 9.824161256554502231e-01
5.916662424863505798e-02 9.801003491602572337e-01
5.922735048921050349e-02 9.778909804197751798e-01
5.928807672978594207e-02 9.755212000470384615e-01
5.934880297036138064e-02 9.731813709497673104e-01
5.940952921093681921e-02 9.708617163600836708e-01
5.947025545151225778e-02 9.686786925584268682e-01
5.953098169208770329e-02 9.662544127083202428e-01
5.959170793266314187e-02 9.637308615365572928e-01
5.965243417323858044e-02 9.612518871811338572e-01
5.971316041381401901e-02 9.583849136621891418e-01
5.977388665438945758e-02 9.557430403413108566e-01
5.983461289496490310e-02 9.525832667485175653e-01
5.989533913554033473e-02 9.496163635878134279e-01
5.995606537611578024e-02 9.462692620619037598e-01
6.001679161669121881e-02 9.430329226156880518e-01
6.007751785726665739e-02 9.396560526070407704e-01
6.013824409784210290e-02 9.361176254171085231e-01
6.019897033841753453e-02 9.327185341025341359e-01
6.025969657899298004e-02 9.290214141691619520e-01
6.032042281956841862e-02 9.252456556725209280e-01
6.038114906014385719e-02 9.215182797164492845e-01
6.044187530071930270e-02 9.173669299319421322e-01
6.050260154129473433e-02 9.133148455337414262e-01
6.056332778187017984e-02 9.094747311528749156e-01
6.062405402244561842e-02 9.055764737830984679e-01
6.068478026302105699e-02 9.016740880371569844e-01
6.074550650359649556e-02 8.973728661273907559e-01
6.080623274417193413e-02 8.929884515014142599e-01
6.086695898474737965e-02 8.885686878734159189e-01
6.092768522532281128e-02 8.842402186133176967e-01
6.098841146589825679e-02 8.800279291054443620e-01
6.104913770647369536e-02 8.757666765094384020e-01
6.110986394704913394e-02 8.711361031079226658e-01
6.117059018762457945e-02 8.665468727778781188e-01
6.123131642820001108e-02 8.619801061550055321e-01
6.129204266877545659e-02 8.572946059253918616e-01
6.135276890935089517e-02 8.525148560016098109e-01
6.141349514992633374e-02 8.478945567747591117e-01
6.147422139050177925e-02 8.435235856081945149e-01
6.153494763107721088e-02 8.386602533859196518e-01
6.159567387165265639e-02 8.341708522690050032e-01
6.165640011222809497e-02 8.293118069172679130e-01
6.171712635280353354e-02 8.241926285361088622e-01
6.177785259337897211e-02 8.191699641985565883e-01
6.183857883395441069e-02 8.140833904663319354e-01
6.189930507452985620e-02 8.089998858018143668e-01
6.196003131510528783e-02 8.037699291501365639e-01
6.202075755568073334e-02 7.989381626981261197e-01
6.208148379625617191e-02 7.937400687614801775e-01
6.214221003683161049e-02 7.887938061552728364e-01
6.220293627740705600e-02 7.835105124409666999e-01
6.226366251798248763e-02 7.786564965141616890e-01
6.232438875855793314e-02 7.736682488807524738e-01
6.238511499913337172e-02 7.684374762127647029e-01
6.244584123970881029e-02 7.631002891401770238e-01
6.250656748028425580e-02 7.577664154586178924e-01
6.256729372085968743e-02 7.526181779582179487e-01
6.262801996143513295e-02 7.475796266144376645e-01
6.268874620201056458e-02 7.421395832414509064e-01
6.274947244258601009e-02 7.371071441604479801e-01
6.281019868316145560e-02 7.320396063320530056e-01
6.287092492373688724e-02 7.269801137393695489e-01
6.293165116431233275e-02 7.218043407454476368e-01
6.299237740488777826e-02 7.166958033030105257e-01
6.305310364546320989e-02 7.115321330321625615e-01
6.311382988603864153e-02 7.064745101726669363e-01
6.317455612661408704e-02 7.012238424005897697e-01
6.323528236718953255e-02 6.960965312194300481e-01
6.329600860776496418e-02 6.909466767585399349e-01
6.335673484834040969e-02 6.857488922717174251e-01
6.341746108891585521e-02 6.804169991197854817e-01
6.347818732949128684e-02 6.752078419187580449e-01
6.353891357006671847e-02 6.699229579674136348e-01
6.359963981064217786e-02 6.646804310343547018e-01
6.366036605121760950e-02 6.593515318020137794e-01
6.372109229179304113e-02 6.542901970451858729e-01
6.378181853236848664e-02 6.489164533531027734e-01
6.384254477294393215e-02 6.436890412952255280e-01
6.390327101351936379e-02 6.382818498343778568e-01
6.396399725409480930e-02 6.329988687682899240e-01
6.402472349467025481e-02 6.276552048268890793e-01
6.408544973524568644e-02 6.224039409959295499e-01
6.414617597582111808e-02 6.171005808799173709e-01
6.420690221639656359e-02 6.118206428313688328e-01
6.426762845697200910e-02 6.068455355457514910e-01
6.432835469754744073e-02 6.016993486607060682e-01
6.438908093812288624e-02 5.963883679978628782e-01
6.444980717869833176e-02 5.912819829590206799e-01
6.451053341927376339e-02 5.860887413125894785e-01
6.457125965984919502e-02 5.808086678947600445e-01
6.463198590042465441e-02 5.756301111708547191e-01
6.469271214100008605e-02 5.702738268450637804e-01
6.475343838157551768e-02 5.652329738661135972e-01
6.481416462215096319e-02 5.601299554174169470e-01
6.487489086272640870e-02 5.551003938269648552e-01
6.493561710330184034e-02 5.499238303202808043e-01
6.499634334387728585e-02 5.448200815910660966e-01
6.505706958445273136e-02 5.397758435796036203e-01
6.511779582502816299e-02 5.347372022946644821e-01
6.517852206560359463e-02 5.296528845785929418e-01
6.523924830617904014e-02 5.246589879990384286e-01
6.529997454675448565e-02 5.194413263473428577e-01
6.536070078732991728e-02 5.145965827871853415e-01
6.542142702790536279e-02 5.097279461591771588e-01
6.548215326848080831e-02 5.046826504898798138e-01
6.554287950905623994e-02 4.997562299144053255e-01
6.560360574963167157e-02 4.950047415940107554e-01
6.566433199020713096e-02 4.901724591524677654e-01
6.572505823078256260e-02 4.850971405383472379e-01
6.578578447135799423e-02 4.800110958318727361e-01
6.584651071193343974e-02 4.749602770033039545e-01
6.590723695250888525e-02 4.699088266251247870e-01
6.596796319308431689e-02 4.650038759577045377e-01
6.602868943365976240e-02 4.600907742319643168e-01
6.608941567423520791e-02 4.551457515327116399e-01
6.615014191481063954e-02 4.504823708069838895e-01
6.621086815538607118e-02 4.458889790486977311e-01
6.627159439596151669e-02 4.410343335221592054e-01
6.633232063653696220e-02 4.364184070590784170e-01
6.639304687711239383e-02 4.317496479064258930e-01
6.645377311768783934e-02 4.270655983673253275e-01
6.651449935826328486e-02 4.224260329096093391e-01
6.657522559883871649e-02 4.178219728074786254e-01
6.663595183941416200e-02 4.130543826681671860e-01
6.669667807998960751e-02 4.084690865250483749e-01
6.675740432056503915e-02 4.038755051764906234e-01
6.681813056114047078e-02 3.995249817959754535e-01
6.687885680171591629e-02 3.950112887394656713e-01
6.693958304229136180e-02 3.904522562839547462e-01
6.700030928286679344e-02 3.859748185998714831e-01
6.706103552344223895e-02 3.815211890016754759e-01
6.712176176401768446e-02 3.770404465465997390e-01
6.718248800459311609e-02 3.726892208016488461e-01
6.724321424516854773e-02 3.683179987571945091e-01
6.730394048574399324e-02 3.639706184064069872e-01
6.736466672631943875e-02 3.597564889135805855e-01
6.742539296689487038e-02 3.554959531470027745e-01
6.748611920747031589e-02 3.511627231791567549e-01
6.754684544804576141e-02 3.468021888245991224e-01
6.760757168862119304e-02 3.426187645160650441e-01
6.766829792919663855e-02 3.384910910413573837e-01
6.772902416977208406e-02 3.345748296476824257e-01
6.778975041034751570e-02 3.304393263401657066e-01
6.785047665092294733e-02 3.263673704726577918e-01
6.791120289149839284e-02 3.224123860103673134e-01
6.797192913207383835e-02 3.184175573385095159e-01
6.803265537264926999e-02 3.144069068046532744e-01
6.809338161322471550e-02 3.104096245707012036e-01
6.815410785380016101e-02 3.066500822182712804e-01
6.821483409437559264e-02 3.027727629923402941e-01
6.827556033495102428e-02 2.989539427318809173e-01
6.833628657552648367e-02 2.952648084778831117e-01
6.839701281610191530e-02 2.915152861196219081e-01
6.845773905667734693e-02 2.877646457793721080e-01
6.851846529725279245e-02 2.842536124826133825e-01
6.857919153782823796e-02 2.805784471404714209e-01
6.863991777840366959e-02 2.770768918500717826e-01
6.870064401897911510e-02 2.734704218723522651e-01
6.876137025955456061e-02 2.699336884526589153e-01
6.882209650012999225e-02 2.662282004801637680e-01
6.888282274070542388e-02 2.626890318256915879e-01
6.894354898128086939e-02 2.591903702094596751e-01
6.900427522185631490e-02 2.559401110307464311e-01
6.906500146243174654e-02 2.526188319351887479e-01
6.912572770300719205e-02 2.493294274843354252e-01
6.918645394358263756e-02 2.458940470604554784e-01
6.924718018415806919e-02 2.426176672247053467e-01
6.930790642473350083e-02 2.394564441915175423e-01
6.936863266530896022e-02 2.363098211092793388e-01
6.942935890588439185e-02 2.331580962544309021e-01
6.949008514645982348e-02 2.301671911606921750e-01
6.955081138703526900e-02 2.270948161944035537e-01
6.961153762761071451e-02 2.240472418884474903e-01
6.967226386818614614e-02 2.211337768319437957e-01
6.973299010876159165e-02 2.182168904182412161e-01
6.979371634933703716e-02 2.152638044100302905e-01
6.985444258991246880e-02 2.122822706589116148e-01
6.991516883048790043e-02 2.093941149426824244e-01
6.997589507106334594e-02 2.066704128851218347e-01
7.003662131163879145e-02 2.039398176625976111e-01
7.009734755221422309e-02 2.012459420310604707e-01
7.015807379278966860e-02 1.985132787468287530e-01
7.021880003336511411e-02 1.958150901920954479e-01
7.027952627394054574e-02 1.931991783864289158e-01
7.034025251451597738e-02 1.907454588315554145e-01
7.040097875509143677e-02 1.882388376796848006e-01
7.046170499566686840e-02 1.856128986372760914e-01
7.052243123624230003e-02 1.832104697935638127e-01
7.058315747681774555e-02 1.807460929323925491e-01
7.064388371739319106e-02 1.783623283904895995e-01
7.070460995796862269e-02 1.758839256820376729e-01
7.076533619854406820e-02 1.734873302459240818e-01
7.082606243911951371e-02 1.712026013199396957e-01
7.088678867969494535e-02 1.689777364816799909e-01
7.094751492027037698e-02 1.666452818055518814e-01
7.100824116084582249e-02 1.645623529549210262e-01
7.106896740142126800e-02 1.623094964431348597e-01
7.112969364199669964e-02 1.600408150979892863e-01
7.119041988257214515e-02 1.579339942251570261e-01
7.125114612314759066e-02 1.557810924852343626e-01
7.131187236372302229e-02 1.538352231911748469e-01
7.137259860429845393e-02 1.518066653247073239e-01
7.143332484487391332e-02 1.498172492134957068e-01
7.149405108544934495e-02 1.477972981631542060e-01
7.155477732602477658e-02 1.458234572424895736e-01
7.161550356660022210e-02 1.439880044770943390e-01
7.167622980717566761e-02 1.419731063344829014e-01
7.173695604775109924e-02 1.401113986145709478e-01
7.179768228832654475e-02 1.382486228354866953e-01
7.185840852890199026e-02 1.363465668106836060e-01
7.191913476947742190e-02 1.343871396019123976e-01
7.197986101005285353e-02 1.324808746543101601e-01
7.204058725062829904e-02 1.306334903687680071e-01
7.210131349120374455e-02 1.287325868327475198e-01
7.216203973177917619e-02 1.269052551973041953e-01
7.222276597235462170e-02 1.250469790219642108e-01
7.228349221293006721e-02 1.233258560927490838e-01
7.234421845350549884e-02 1.215855622485254306e-01
7.240494469408093048e-02 1.198847164813225952e-01
7.246567093465638987e-02 1.182453445070172915e-01
7.252639717523182150e-02 1.166367277720487261e-01
7.258712341580725314e-02 1.150293681813574220e-01
7.264784965638269865e-02 1.133609158494602726e-01
7.270857589695814416e-02 1.117377083690430928e-01
7.276930213753357579e-02 1.104322004946875074e-01
7.283002837810902130e-02 1.088678393521495674e-01
7.289075461868446681e-02 1.073635260731648638e-01
7.295148085925989845e-02 1.057854496599473643e-01
7.301220709983533008e-02 1.042748602616175024e-01
7.307293334041077559e-02 1.028018095963459805e-01
7.313365958098622110e-02 1.012917958484532283e-01
7.319438582156165274e-02 9.982471502263520757e-02
7.325511206213709825e-02 9.842232024656039080e-02
7.331583830271254376e-02 9.699492217143315664e-02
7.337656454328797540e-02 9.549997402594061213e-02
7.343729078386342091e-02 9.400534994738474204e-02
7.349801702443886642e-02 9.252697688091414407e-02
7.355874326501429805e-02 9.115172966720958003e-02
7.361946950558972969e-02 8.981322898527412113e-02
7.368019574616517520e-02 8.844591127789723506e-02
7.374092198674062071e-02 8.709087084942614132e-02
7.380164822731605234e-02 8.573967029885905256e-02
7.386237446789149785e-02 8.436596286154833535e-02
7.392310070846694336e-02 8.304420295029989185e-02
7.398382694904237500e-02 8.173548032168455324e-02
7.404455318961780663e-02 8.040160247751021450e-02
7.410527943019325214e-02 7.911709085547476150e-02
7.416600567076869766e-02 7.789505901282547939e-02
7.422673191134412929e-02 7.664718016633936815e-02
7.428745815191957480e-02 7.547924605333927728e-02
7.434818439249502031e-02 7.422868173468630260e-02
7.440891063307045195e-02 7.300908476433179417e-02
7.446963687364589746e-02 7.178913958941399165e-02
7.453036311422134297e-02 7.064190943749955320e-02
7.459108935479677460e-02 6.945301023229227821e-02
7.465181559537220624e-02 6.848101903457377848e-02
7.471254183594765175e-02 6.727912900567573073e-02
7.477326807652309726e-02 6.610072267317443351e-02
7.483399431709852889e-02 6.496148505418941621e-02
7.489472055767397440e-02 6.385095901845051769e-02
7.495544679824941992e-02 6.270451352654575483e-02
7.501617303882485155e-02 6.157055344096935140e-02
7.507689927940028318e-02 6.057945638111726649e-02
7.513762551997574257e-02 5.958111087858672383e-02
7.519835176055117421e-02 5.844123663566517385e-02
7.525907800112660584e-02 5.738321361973571649e-02
7.531980424170205135e-02 5.631038666148380917e-02
7.538053048227749686e-02 5.526420272080383861e-02
7.544125672285292850e-02 5.420619213292785649e-02
7.550198296342837401e-02 5.322491516677576445e-02
7.556270920400381952e-02 5.214788989338904612e-02
7.562343544457925115e-02 5.117879058778548873e-02
7.568416168515468279e-02 5.016872390844558799e-02
7.574488792573012830e-02 4.921971584919412196e-02
7.580561416630557381e-02 4.834873109639913763e-02
7.586634040688100544e-02 4.743870168045245805e-02
7.592706664745645095e-02 4.651103760719753344e-02
7.598779288803189647e-02 4.578593288674050882e-02
7.604851912860732810e-02 4.488699082081862995e-02
7.610924536918275973e-02 4.402651585772025117e-02
7.616997160975821912e-02 4.315813749368131030e-02
7.623069785033365076e-02 4.232932954456494756e-02
7.629142409090908239e-02 4.149638978106834353e-02
7.635215033148452790e-02 4.068300036797286440e-02
7.641287657205997341e-02 3.986863719422404501e-02
7.647360281263540505e-02 3.906915192108811191e-02
7.653432905321085056e-02 3.820743008096850329e-02
7.659505529378629607e-02 3.745410566860193219e-02
7.665578153436172770e-02 3.670219396425856290e-02
7.671650777493715934e-02 3.591751222017239287e-02
7.677723401551260485e-02 3.513755585661222647e-02
7.683796025608805036e-02 3.438722391843332393e-02
7.689868649666348199e-02 3.369221566544752799e-02
7.695941273723892750e-02 3.297155859080382057e-02
7.702013897781437302e-02 3.226662938302102268e-02
7.708086521838980465e-02 3.155543084916118124e-02
7.714159145896523628e-02 3.088716259052468049e-02
7.720231769954069567e-02 3.019497732401926066e-02
7.726304394011612731e-02 2.951472011344397073e-02
7.732377018069155894e-02 2.885103575856179034e-02
7.738449642126700445e-02 2.821527883763007630e-02
7.744522266184244996e-02 2.758261930265819284e-02
7.750594890241788160e-02 2.694652923334092329e-02
7.756667514299332711e-02 2.632434267163830457e-02
7.762740138356877262e-02 2.573435185783477450e-02
7.768812762414420425e-02 2.515867284486631578e-02
7.774885386471963589e-02 2.460846265781522352e-02
7.780958010529508140e-02 2.404111519149938411e-02
7.787030634587052691e-02 2.349517884928386049e-02
7.793103258644595854e-02 2.297199427156804141e-02
7.799175882702140405e-02 2.243413949625716261e-02
7.805248506759684957e-02 2.189236650089992561e-02
7.811321130817228120e-02 2.147893961807903485e-02
7.817393754874771283e-02 2.098355013795508844e-02
7.823466378932317222e-02 2.059408346617389376e-02
7.829539002989860386e-02 2.011338954192039979e-02
7.835611627047403549e-02 1.966640770235972627e-02
7.841684251104948100e-02 1.921334712800304434e-02
7.847756875162492651e-02 1.879293096586836381e-02
7.853829499220035815e-02 1.835903039710355678e-02
7.859902123277580366e-02 1.792194468146269398e-02
7.865974747335124917e-02 1.751596137353814489e-02
7.872047371392668080e-02 1.710620756957968031e-02
7.878119995450211244e-02 1.667584523322380649e-02
7.884192619507755795e-02 1.628126727397128867e-02
7.890265243565300346e-02 1.591870578185943311e-02
7.896337867622843509e-02 1.554030978939150223e-02
7.902410491680388060e-02 1.524523762513606967e-02
7.908483115737932612e-02 1.502018879773435109e-02
7.914555739795475775e-02 1.466674616064848544e-02
7.920628363853020326e-02 1.431666145304159345e-02
7.926700987910564877e-02 1.394218907749504056e-02
7.932773611968108041e-02 1.361400645919896325e-02
7.938846236025651204e-02 1.329506711866572204e-02
7.944918860083195755e-02 1.299360855467840067e-02
7.950991484140740306e-02 1.269177681052838236e-02
7.957064108198283470e-02 1.249449639086708252e-02
7.963136732255828021e-02 1.220660481141381745e-02
7.969209356313372572e-02 1.192713713747924412e-02
7.975281980370915735e-02 1.166851669148452272e-02
7.981354604428458899e-02 1.139588354087611895e-02
7.987427228486003450e-02 1.111051899186470820e-02
7.993499852543548001e-02 1.087864068105639549e-02
7.999572476601091164e-02 1.064872974664109011e-02
8.005645100658635716e-02 1.038746879094920757e-02
8.011717724716180267e-02 1.016401118936421759e-02
8.017790348773723430e-02 9.892809970556254093e-03
8.023862972831267981e-02 9.672896713594697493e-03
8.029935596888812532e-02 9.447174986127772345e-03
8.036008220946355696e-02 9.230754699300427329e-03
8.042080845003898859e-02 9.077301194947758750e-03
8.048153469061443410e-02 8.884061481776978075e-03
8.054226093118987961e-02 8.690562348278304400e-03
8.060298717176531125e-02 8.488776574607805742e-03
8.066371341234075676e-02 8.318608632139385881e-03
8.072443965291620227e-02 8.118492883841327973e-03
8.078516589349163390e-02 7.919383698292346146e-03
8.084589213406706554e-02 7.721420506291022667e-03
8.090661837464252493e-02 7.575900143921674920e-03
8.096734461521795656e-02 7.397745544710191724e-03
8.102807085579338819e-02 7.252608796689011435e-03
8.108879709636883371e-02 7.085410370555320254e-03
8.114952333694427922e-02 6.952839101809714026e-03
8.121024957751971085e-02 6.807944537348240358e-03
8.127097581809515636e-02 6.674085853695637359e-03
8.133170205867060187e-02 6.542544557240769984e-03
8.139242829924603351e-02 6.396998921622857118e-03
8.145315453982146514e-02 6.252732491393570360e-03
8.151388078039691065e-02 6.126081502915305989e-03
8.157460702097235616e-02 5.995705738041287418e-03
8.163533326154778780e-02 5.870097252251107491e-03
8.169605950212323331e-02 5.751103469370728513e-03
8.175678574269867882e-02 5.630287341503241796e-03
8.181751198327411045e-02 5.515999389391411205e-03
8.187823822384954209e-02 5.405904469668170245e-03
8.193896446442500148e-02 5.289670716761889213e-03
8.199969070500043311e-02 5.190142837989682872e-03
8.206041694557586474e-02 5.079942187685438856e-03
8.212114318615131026e-02 4.965923499331084852e-03
8.218186942672675577e-02 4.850452264105886355e-03
8.224259566730218740e-02 4.756043161233547076e-03
8.230332190787763291e-02 4.661158503936124915e-03
8.236404814845307842e-02 4.565902339293056479e-03
8.242477438902851006e-02 4.460217408687923608e-03
8.248550062960394169e-02 4.367163884146607784e-03
8.254622687017938720e-02 4.263702943079549640e-03
8.260695311075483271e-02 4.185039184686814226e-03
8.266767935133026435e-02 4.103324416589908610e-03
8.272840559190570986e-02 4.026922291923254286e-03
8.278913183248115537e-02 3.931193950476083616e-03
8.284985807305658700e-02 3.845825388588882624e-03
8.291058431363201864e-02 3.776312135021517389e-03
8.297131055420747803e-02 3.699398297513913688e-03
8.303203679478290966e-02 3.631828971042986177e-03
8.309276303535834129e-02 3.552766000728835999e-03
8.315348927593378681e-02 3.518729005497152600e-03
8.321421551650923232e-02 3.459634644573165302e-03
8.327494175708466395e-02 3.388672421872857953e-03
8.333566799766010946e-02 3.316858525129042033e-03
8.339639423823555497e-02 3.252489307174412543e-03
8.345712047881098661e-02 3.168509985125494543e-03
8.351784671938641824e-02 3.115349804656437297e-03
8.357857295996186375e-02 3.060413228948568546e-03
8.363929920053730926e-02 2.979246248662549383e-03
8.370002544111274090e-02 2.924747651537279100e-03
8.376075168168818641e-02 2.860471393641404042e-03
8.382147792226363192e-02 2.805491323550429739e-03
8.388220416283906355e-02 2.746977449561680256e-03
8.394293040341449519e-02 2.693370309011694323e-03
8.400365664398995458e-02 2.640301445201817965e-03
8.406438288456538621e-02 2.577548179681866860e-03
8.412510912514081785e-02 2.526188540179130550e-03
8.418583536571626336e-02 2.465125484228149200e-03
8.424656160629170887e-02 2.409285607651467064e-03
8.430728784686714050e-02 2.360394920094013600e-03
8.436801408744258601e-02 2.316001371608599185e-03
8.442874032801803152e-02 2.267716403786666779e-03
8.448946656859346316e-02 2.217852484915636049e-03
8.455019280916889479e-02 2.176666704598686965e-03
8.461091904974434030e-02 2.135524837961687208e-03
8.467164529031978581e-02 2.094447090207055950e-03
8.473237153089521745e-02 2.051436298014069817e-03
8.479309777147066296e-02 2.010675449612394153e-03
8.485382401204610847e-02 1.968020317309499435e-03
8.491455025262154011e-02 1.919620156614838856e-03
8.497527649319697174e-02 1.867917558935230536e-03
8.503600273377243113e-02 1.823144140504890558e-03
8.509672897434786276e-02 1.784847992676172378e-03
8.515745521492329440e-02 1.746664552682005832e-03
8.521818145549873991e-02 1.679053649507656655e-03
8.527890769607418542e-02 1.641142947569326771e-03
8.533963393664961705e-02 1.605390744219214625e-03
8.540036017722506256e-02 1.565831065182409550e-03
8.546108641780050807e-02 1.526656241765852063e-03
8.552181265837593971e-02 1.484015767148409021e-03
8.558253889895137134e-02 1.445900777624802621e-03
8.564326513952681685e-02 1.408187118784584363e-03
8.570399138010226237e-02 1.368984852772881997e-03
8.576471762067769400e-02 1.334127942396186534e-03
8.582544386125313951e-02 1.301441236275191872e-03
8.588617010182858502e-02 1.267050712317898059e-03
8.594689634240401666e-02 1.234853634647422021e-03
8.600762258297946217e-02 1.199165687204861675e-03
8.606834882355490768e-02 1.165829084302251548e-03
8.612907506413033931e-02 1.132873898561833617e-03
8.618980130470577095e-02 1.098502234938898529e-03
8.625052754528121646e-02 1.068287603759751408e-03
8.631125378585666197e-02 1.038355365803317462e-03
8.637198002643209360e-02 1.003396560818602427e-03
8.643270626700753911e-02 9.744680272470630398e-04
8.649343250758298463e-02 9.441124459074952706e-04
8.655415874815841626e-02 9.159749846443444215e-04
8.661488498873384789e-02 8.864700595646620015e-04
8.667561122930929340e-02 8.557697567447783166e-04
8.673633746988473892e-02 8.240395804603887825e-04
8.679706371046017055e-02 7.981319008359093322e-04
8.685778995103561606e-02 7.709443371930336641e-04
8.691851619161106157e-02 7.426462572822885907e-04
8.697924243218649321e-02 7.117728308009663813e-04
8.703996867276193872e-02 6.866708761203196409e-04
8.710069491333738423e-02 6.493792290422159162e-04
8.716142115391281586e-02 6.246930439472925863e-04
8.722214739448824750e-02 6.037153214599189077e-04
8.728287363506369301e-02 5.815477278485051745e-04
8.734359987563913852e-02 5.613885837302105570e-04
8.740432611621457015e-02 5.415961826240177791e-04
8.746505235679001566e-02 5.221830434613307370e-04
8.752577859736546118e-02 4.914366883279209629e-04
8.758650483794089281e-02 4.707980340299420868e-04
8.764723107851632444e-02 4.536126372750093404e-04
8.770795731909178383e-02 4.339598935611422171e-04
8.776868355966721547e-02 4.176944889015717088e-04
8.782940980024264710e-02 4.017837024386621534e-04
8.789013604081809261e-02 3.848783224234202755e-04
8.795086228139353812e-02 3.684630351056126705e-04
8.801158852196896976e-02 3.538565993822918952e-04
8.807231476254441527e-02 3.396169143414370321e-04
8.813304100311986078e-02 3.246029551488418077e-04
8.819376724369529241e-02 3.113452645894462540e-04
8.825449348427072405e-02 2.946999690921905469e-04
8.831521972484616956e-02 2.812308352248417517e-04
8.837594596542161507e-02 2.694367983402377355e-04
8.843667220599704670e-02 2.496312813861059805e-04
8.849739844657249221e-02 2.391639749306606708e-04
8.855812468714793773e-02 2.289961458355035864e-04
8.861885092772336936e-02 2.179897273031949673e-04
8.867957716829880099e-02 2.085106957511161378e-04
8.874030340887426038e-02 1.993257034086396101e-04
8.880102964944969202e-02 1.904337972879381147e-04
8.886175589002512365e-02 1.818333566435746500e-04
8.892248213060056916e-02 1.735221410264582080e-04
8.898320837117601467e-02 1.654973377750781351e-04
8.904393461175144631e-02 1.567275449072349537e-04
8.910466085232689182e-02 1.493457069805196463e-04
8.916538709290233733e-02 1.422332180584491373e-04
8.922611333347776896e-02 1.353857667125875353e-04
8.928683957405320060e-02 1.287986773344620463e-04
8.934756581462864611e-02 1.215187980354936559e-04
8.940829205520409162e-02 1.155123504337724285e-04
8.946901829577952325e-02 1.097450880460956697e-04
8.952974453635496876e-02 1.042115897737792206e-04
8.959047077693041428e-02 9.890624020915756906e-05
8.965119701750584591e-02 9.382326139756505111e-05
8.971192325808127754e-02 8.895674282610790951e-05
8.977264949865673693e-02 8.430066963116342865e-05
8.983337573923216857e-02 7.984894902883529311e-05
8.989410197980760020e-02 7.559543498364118530e-05
8.995482822038304571e-02 7.153395114052542476e-05
9.001555446095849122e-02 6.765831205391669150e-05
9.007628070153392286e-02 6.396234275503944735e-05
9.013700694210936837e-02 6.043989670508130400e-05
9.019773318268481388e-02 5.708487218719088946e-05
9.025845942326024551e-02 5.389122719468603416e-05
9.031918566383567715e-02 5.085299287636664073e-05
9.037991190441112266e-02 4.796428560251437948e-05
9.044063814498656817e-02 4.521931771709941016e-05
9.050136438556199980e-02 4.261240704296867152e-05
9.056209062613744532e-02 3.751573593770904369e-05
9.062281686671289083e-02 3.538417303738557309e-05
9.068354310728832246e-02 3.150662502727004540e-05
9.074426934786375409e-02 2.973378456764868351e-05
9.080499558843921348e-02 2.804704926300751299e-05
9.086572182901464512e-02 2.644319233541645071e-05
9.092644806959007675e-02 2.491903868745208608e-05
9.098717431016552226e-02 2.347146987051235736e-05
9.104790055074096777e-02 2.209742846268875519e-05
9.110862679131639941e-02 1.973829011145075175e-05
9.116935303189184492e-02 1.858957583904919820e-05
9.123007927246729043e-02 1.749908348244048328e-05
9.129080551304272206e-02 1.646446107739002376e-05
9.135153175361815370e-02 1.500227293503328595e-05
9.141225799419359921e-02 1.411243229871407655e-05
9.147298423476904472e-02 1.191108783447059954e-05
9.153371047534447635e-02 9.117579792225754743e-06
9.159443671591992187e-02 8.635360959748023994e-06
9.165516295649536738e-02 8.173324727128908855e-06
9.171588919707079901e-02 7.730978088334000654e-06
9.177661543764623064e-02 7.307816586935916737e-06
9.183734167822169003e-02 6.903326315953423140e-06
9.189806791879712167e-02 6.516985827473658252e-06
9.195879415937255330e-02 6.148267950402655811e-06
9.201952039994799881e-02 4.774510629987248347e-06
9.208024664052344432e-02 4.522557130879008267e-06
9.214097288109887596e-02 4.280606544684049578e-06
9.220169912167432147e-02 4.048491188643640092e-06
9.226242536224976698e-02 3.826029475189103246e-06
9.232315160282519861e-02 3.613027278678379397e-06
9.238387784340063025e-02 3.409279272462578985e-06
9.244460408397607576e-02 3.214570231661485095e-06
9.250533032455152127e-02 3.028676297496765554e-06
9.256605656512695290e-02 2.851366199498972522e-06
9.262678280570239842e-02 2.682402432366489841e-06
9.268750904627784393e-02 2.521542384708227889e-06
9.274823528685327556e-02 2.368539417344162624e-06
9.280896152742872107e-02 2.223143889266790615e-06
9.286968776800416658e-02 1.601803478143314137e-06
9.293041400857959822e-02 1.510955209384375779e-06
9.299114024915502985e-02 1.423983120012630332e-06
9.305186648973047536e-02 1.340820982777377220e-06
9.311259273030592087e-02 1.261395456312225384e-06
9.317331897088135251e-02 1.185626851692926547e-06
9.323404521145679802e-02 1.113429877623418647e-06
9.329477145203224353e-02 1.044714361291911938e-06
9.335549769260767516e-02 9.793859423340661223e-07
9.341622393318310680e-02 9.173467377252275060e-07
9.347695017375855231e-02 8.584959757958810795e-07
9.353767641433399782e-02 8.027305979213773307e-07
9.359840265490942945e-02 7.499458267766570179e-07
9.365912889548487497e-02 7.000357003676273136e-07
9.371985513606032048e-02 6.528935713514438185e-07
9.378058137663575211e-02 6.084125714375648746e-07
9.384130761721119762e-02 5.664860409190831255e-07
9.390203385778664313e-02 5.270079236193343331e-07
9.396276009836207477e-02 4.898731277518393540e-07
9.402348633893750640e-02 4.549778533823951505e-07
9.408421257951295191e-02 4.222198873509498295e-07
9.414493882008839742e-02 3.914988666581480883e-07
9.420566506066382906e-02 3.627165114479115562e-07
9.426639130123927457e-02 3.357768288238256088e-07
