2.922288017946074734e-01
-1.144799484298021919e-01
4.974517447640850604e-02
-2.143160086778190046e-02
1.017833062684909973e-02
-1.751338805812987153e-03
9.116368928543730748e-04
-2.704090951580542801e-04
1.295258485142262929e-04
-4.841468647371895514e-05
7.593195232006718048e-05
-1.958137861811773460e-05
1.838962094190669426e-05
-1.904024797567290109e-05
-6.953586908661904743e-06
-1.368229333536781339e-05
-4.655502217073951521e-06
-1.655847742785101348e-05
-1.008226135489319816e-05
-3.144409422757924656e-06
-1.657298154222734379e-06
-4.668092205213564777e-06
-2.135013704985076072e-06
1.433217222258929819e-06
-5.225413257487188893e-06
1.697484679395192390e-06
3.569024589871916859e-06
-5.470041949711913147e-06
4.572435004435998771e-08
2.602388430597486897e-06
-5.089496000322271507e-06
1.923305640332509978e-06
3.206444519938892974e-06
-9.036508689497626853e-07
5.384426111937494394e-06
1.166472889568466879e-06
1.312086715797824449e-06
-8.812097539150039976e-07
-1.371468239221764028e-06
2.195059468438893529e-08
4.330739471282055645e-06
4.198942510319389850e-06
-4.042363744557655387e-06
8.071356897804594850e-07
2.546183706347144433e-06
1.121346220952669515e-06
4.096082164259779648e-06
-3.699840606215202958e-06
3.722875919036755262e-06
4.430172033958506758e-06
-5.523504569310142475e-06
7.927798912670367293e-07
-1.504772781355516692e-06
1.662773296464154465e-06
-4.864061253405089371e-07
-6.977560942060003068e-07
3.058614538380608472e-07
3.224275877929453319e-06
3.891031567871517118e-07
-2.776911047805599048e-06
-1.944204443782658525e-06
-2.410151098593267466e-06
3.934096647018403872e-06
1.778458888367372530e-06
2.846227061718093115e-06
3.307525098956034948e-06
3.143337016081461763e-06
6.057009065409579336e-06
4.474991006601317286e-06
-4.681699081166618106e-06
-5.900735221387068929e-07
-4.663543342261714760e-06
-3.329098583901473945e-06
-9.798318781247094446e-07
1.490223178316586981e-06
-9.861169890913583018e-07
4.748895545418129985e-06
3.092591298844943559e-06
1.429114705099498298e-06
-2.021108169828363387e-06
1.740120304285558349e-06
-2.281710147125812946e-06
-2.057645055016856870e-06
-3.802739417555462475e-07
2.250719286187245716e-06
-1.220500302530897210e-06
3.674810281005228604e-06
-7.623840426568904879e-07
2.393311290861693290e-07
-2.730779495767866303e-06
-9.712642232792464829e-07
-1.117408531536432123e-06
3.110627567093303714e-06
1.624142805592789650e-06
3.480544926282634234e-06
